cells = zeros(429,4);
cells = [-1 505 505 505
3 581.026 421.086 9.953
0 581.026 421.086 5.295
3 591.953 437.724 9.953
0 591.953 437.724 5.295
3 584.507 456.184 9.953
0 584.507 456.184 5.295
3 582.254 475.961 9.953
0 582.254 475.961 5.295
3 622.038 417.35 9.953
0 622.038 417.35 5.295
3 611.557 434.273 9.953
0 611.557 434.273 5.295
3 607.423 456.225 9.953
0 607.423 456.225 5.295
3 641.446 421.776 9.953
0 641.446 421.776 5.295
3 650.842 439.324 9.953
0 650.842 439.324 5.295
3 630.944 438.784 9.953
0 630.944 438.784 5.295
3 627.216 458.337 9.953
0 627.216 458.337 5.295
3 666.166 426.619 9.953
0 666.166 426.619 5.295
3 670.062 446.14 9.953
0 670.062 446.14 5.295
3 689.532 450.281 9.953
0 689.532 450.281 5.295
3 589.932 494.326 9.953
0 589.932 494.326 5.295
3 612.01 475.731 9.953
0 612.01 475.731 5.295
3 628.035 488.313 9.953
0 628.035 488.313 5.295
3 654.738 458.844 9.953
0 654.738 458.844 5.295
3 640.713 472.968 9.953
0 640.713 472.968 5.295
3 672.847 467.106 9.953
0 672.847 467.106 5.295
3 658.77 481.345 9.953
0 658.77 481.345 5.295
3 692.547 469.957 9.953
0 692.547 469.957 5.295
3 609.751 496.18 9.953
0 609.751 496.18 5.295
3 625.888 508.241 9.953
0 625.888 508.241 5.295
3 645.752 497.386 9.953
0 645.752 497.386 5.295
3 643.741 517.19 9.953
0 643.741 517.19 5.295
3 679.426 485.893 9.953
0 679.426 485.893 5.295
3 665.473 500.088 9.953
0 665.473 500.088 5.295
3 699.677 488.541 9.953
0 699.677 488.541 5.295
3 685.789 505.071 9.953
0 685.789 505.071 5.295
3 600.521 513.816 9.953
0 600.521 513.816 5.295
3 618.556 526.747 9.953
0 618.556 526.747 5.295
3 636.121 536.112 9.953
0 636.121 536.112 5.295
3 669.804 519.517 9.953
0 669.804 519.517 5.295
3 655.885 533.746 9.953
0 655.885 533.746 5.295
3 708.183 506.538 9.953
0 708.183 506.538 5.295
3 725.213 520.741 9.953
0 725.213 520.741 5.295
3 707.998 530.736 9.953
0 707.998 530.736 5.295
3 688.832 525.36 9.953
0 688.832 525.36 5.295
3 599.909 533.711 9.953
0 599.909 533.711 5.295
3 583.345 544.75 9.953
0 583.345 544.75 5.295
3 613.46 548.292 9.953
0 613.46 548.292 5.295
3 636.934 571.37 9.953
0 636.934 571.37 5.295
3 645.76 553.528 9.953
0 645.76 553.528 5.295
3 665.352 557.049 9.953
0 665.352 557.049 5.295
3 656.526 574.891 9.953
0 656.526 574.891 5.295
3 646.333 591.988 9.953
0 646.333 591.988 5.295
3 676.214 577.826 9.953
0 676.214 577.826 5.295
3 694.302 586.136 9.953
0 694.302 586.136 5.295
3 674.914 539.59 9.953
0 674.914 539.59 5.295
3 693.951 546.223 9.953
0 693.951 546.223 5.295
3 692.269 566.057 9.953
0 692.269 566.057 5.295
7 80 235 4.9765
0 80 235 2.6475
7 80 244 4.9765
0 80 244 2.6475
7 80 253 4.9765
0 80 253 2.6475
7 80 262 4.9765
0 80 262 2.6475
7 80 271 4.9765
0 80 271 2.6475
7 80 280 4.9765
0 80 280 2.6475
7 80 289 4.9765
0 80 289 2.6475
7 80 298 4.9765
0 80 298 2.6475
7 80 307 4.9765
0 80 307 2.6475
7 80 316 4.9765
0 80 316 2.6475
7 80 325 4.9765
0 80 325 2.6475
7 80 334 4.9765
0 80 334 2.6475
7 80 343 4.9765
0 80 343 2.6475
7 80 352 4.9765
0 80 352 2.6475
7 80 361 4.9765
0 80 361 2.6475
7 80 370 4.9765
0 80 370 2.6475
7 80 379 4.9765
0 80 379 2.6475
7 80 388 4.9765
0 80 388 2.6475
7 80 397 4.9765
0 80 397 2.6475
7 80 406 4.9765
0 80 406 2.6475
7 80 415 4.9765
0 80 415 2.6475
7 80 424 4.9765
0 80 424 2.6475
7 80 433 4.9765
0 80 433 2.6475
7 80 442 4.9765
0 80 442 2.6475
7 80 451 4.9765
0 80 451 2.6475
7 80 460 4.9765
0 80 460 2.6475
7 80 469 4.9765
0 80 469 2.6475
7 80 478 4.9765
0 80 478 2.6475
7 80 487 4.9765
0 80 487 2.6475
7 80 496 4.9765
0 80 496 2.6475
7 80 505 4.9765
0 80 505 2.6475
7 80 514 4.9765
0 80 514 2.6475
7 80 523 4.9765
0 80 523 2.6475
7 80 532 4.9765
0 80 532 2.6475
7 80 541 4.9765
0 80 541 2.6475
7 80 550 4.9765
0 80 550 2.6475
7 80 559 4.9765
0 80 559 2.6475
7 80 568 4.9765
0 80 568 2.6475
7 80 577 4.9765
0 80 577 2.6475
7 80 586 4.9765
0 80 586 2.6475
7 80 595 4.9765
0 80 595 2.6475
7 80 604 4.9765
0 80 604 2.6475
7 80 613 4.9765
0 80 613 2.6475
7 80 622 4.9765
0 80 622 2.6475
7 80 631 4.9765
0 80 631 2.6475
7 80 640 4.9765
0 80 640 2.6475
7 80 649 4.9765
0 80 649 2.6475
7 80 658 4.9765
0 80 658 2.6475
7 80 667 4.9765
0 80 667 2.6475
7 80 676 4.9765
0 80 676 2.6475
7 80 685 4.9765
0 80 685 2.6475
7 80 694 4.9765
0 80 694 2.6475
7 80 703 4.9765
0 80 703 2.6475
7 80 712 4.9765
0 80 712 2.6475
7 80 721 4.9765
0 80 721 2.6475
7 80 730 4.9765
0 80 730 2.6475
7 80 739 4.9765
0 80 739 2.6475
7 80 748 4.9765
0 80 748 2.6475
7 80 757 4.9765
0 80 757 2.6475
7 80 766 4.9765
0 80 766 2.6475
7 80 775 4.9765
0 80 775 2.6475
7 100 208 4.9765
0 100 208 2.6475
7 100 217 4.9765
0 100 217 2.6475
7 100 226 4.9765
0 100 226 2.6475
7 100 235 4.9765
0 100 235 2.6475
7 100 244 4.9765
0 100 244 2.6475
7 100 253 4.9765
0 100 253 2.6475
7 100 262 4.9765
0 100 262 2.6475
7 100 271 4.9765
0 100 271 2.6475
7 100 280 4.9765
0 100 280 2.6475
7 100 289 4.9765
0 100 289 2.6475
7 100 298 4.9765
0 100 298 2.6475
7 107.486 304.434 4.9765
0 107.486 304.434 2.6475
7 108.704 313.246 4.9765
0 108.704 313.246 2.6475
7 115.782 307.652 4.9765
0 115.782 307.652 2.6475
7 117.368 317.066 4.9765
0 117.368 317.066 2.6475
7 125.038 311.444 4.9765
0 125.038 311.444 2.6475
7 132.072 317.736 4.9765
0 132.072 317.736 2.6475
7 141.475 318.257 4.9765
0 141.475 318.257 2.6475
7 150.36 315.566 3.87165
0 150.36 315.566 2.05972
11 156.108 322.534 3.87165
0 156.108 322.534 2.05972
8 162.643 326.156 4.9765
0 162.643 326.156 2.6475
11 155.52 330.641 3.87165
0 155.52 330.641 2.05972
7 149.681 335.486 3.87165
0 149.681 335.486 2.05972
7 141.367 333.679 4.9765
0 141.367 333.679 2.6475
7 132.001 332.381 4.9765
0 132.001 332.381 2.6475
7 124.973 338.831 4.9765
0 124.973 338.831 2.6475
7 117.585 333.08 4.9765
0 117.585 333.08 2.6475
7 116.217 342.338 4.9765
0 116.217 342.338 2.6475
7 108.822 336.406 4.9765
0 108.822 336.406 2.6475
7 107.183 345.8 4.9765
0 107.183 345.8 2.6475
7 100 352 4.9765
0 100 352 2.6475
7 100 361 4.9765
0 100 361 2.6475
7 100 370 4.9765
0 100 370 2.6475
7 100 379 4.9765
0 100 379 2.6475
7 100 388 4.9765
0 100 388 2.6475
7 100 397 4.9765
0 100 397 2.6475
7 100 406 4.9765
0 100 406 2.6475
7 100 415 4.9765
0 100 415 2.6475
7 100 424 4.9765
0 100 424 2.6475
7 100 433 4.9765
0 100 433 2.6475
7 100 442 4.9765
0 100 442 2.6475
7 100 451 4.9765
0 100 451 2.6475
7 100 460 4.9765
0 100 460 2.6475
7 100 469 4.9765
0 100 469 2.6475
7 100 478 4.9765
0 100 478 2.6475
7 100 487 4.9765
0 100 487 2.6475
7 100 496 4.9765
0 100 496 2.6475
7 100 505 4.9765
0 100 505 2.6475
7 100 514 4.9765
0 100 514 2.6475
7 100 523 4.9765
0 100 523 2.6475
7 100 532 4.9765
0 100 532 2.6475
7 100 541 4.9765
0 100 541 2.6475
7 100 550 4.9765
0 100 550 2.6475
7 100 559 4.9765
0 100 559 2.6475
7 100 568 4.9765
0 100 568 2.6475
7 100 577 4.9765
0 100 577 2.6475
7 100 586 4.9765
0 100 586 2.6475
7 100 595 4.9765
0 100 595 2.6475
7 100 604 4.9765
0 100 604 2.6475
7 100 613 4.9765
0 100 613 2.6475
7 100 622 4.9765
0 100 622 2.6475
7 100 631 4.9765
0 100 631 2.6475
7 100 640 4.9765
0 100 640 2.6475
7 100 649 4.9765
0 100 649 2.6475
7 100 658 4.9765
0 100 658 2.6475
7 104.68 666.291 4.9765
0 104.68 666.291 2.6475
7 110.342 673.791 4.9765
0 110.342 673.791 2.6475
7 117.15 680.609 4.9765
0 117.15 680.609 2.6475
7 125.6 684.474 4.9765
0 125.6 684.474 2.6475
7 134.951 687.127 4.9765
0 134.951 687.127 2.6475
7 144.049 688.53 4.9765
0 144.049 688.53 2.6475
9 152.891 692.544 4.9765
0 152.891 692.544 2.6475
8 159.37 699.153 4.9765
0 159.37 699.153 2.6475
9 150.889 703.219 4.9765
0 150.889 703.219 2.6475
7 141.354 704.021 4.9765
0 141.354 704.021 2.6475
7 131.975 702.188 4.9765
0 131.975 702.188 2.6475
7 122.453 701.909 4.9765
0 122.453 701.909 2.6475
7 113.408 699.127 4.9765
0 113.408 699.127 2.6475
7 103.985 698.147 4.9765
0 103.985 698.147 2.6475
7 107.828 706.759 4.9765
0 107.828 706.759 2.6475
7 100 712 4.9765
0 100 712 2.6475
7 100 721 4.9765
0 100 721 2.6475
7 100 730 4.9765
0 100 730 2.6475
7 100 739 4.9765
0 100 739 2.6475
7 100 748 4.9765
0 100 748 2.6475
7 100 757 4.9765
0 100 757 2.6475
7 100 766 4.9765
0 100 766 2.6475
7 100 775 4.9765
0 100 775 2.6475
