cells = zeros(1101,4);
cells = [-1 505 505 505
3 581.026 421.085 9.953
0 581.026 421.085 5.295
3 591.952 437.723 9.953
0 591.952 437.723 5.295
3 584.506 456.184 9.953
0 584.506 456.184 5.295
3 582.254 475.962 9.953
0 582.254 475.962 5.295
3 622.038 417.349 9.953
0 622.038 417.349 5.295
3 611.557 434.272 9.953
0 611.557 434.272 5.295
3 607.423 456.225 9.953
0 607.423 456.225 5.295
3 641.446 421.774 9.953
0 641.446 421.774 5.295
3 650.843 439.322 9.953
0 650.843 439.322 5.295
3 630.944 438.784 9.953
0 630.944 438.784 5.295
3 627.216 458.337 9.953
0 627.216 458.337 5.295
3 666.167 426.618 9.953
0 666.167 426.618 5.295
3 670.063 446.139 9.953
0 670.063 446.139 5.295
3 689.533 450.28 9.953
0 689.533 450.28 5.295
3 589.93 494.328 9.953
0 589.93 494.328 5.295
3 612.01 475.731 9.953
0 612.01 475.731 5.295
3 628.034 488.314 9.953
0 628.034 488.314 5.295
3 654.738 458.843 9.953
0 654.738 458.843 5.295
3 640.713 472.968 9.953
0 640.713 472.968 5.295
3 672.848 467.106 9.953
0 672.848 467.106 5.295
0 658.771 481.345 9.953
0 658.771 481.345 5.295
3 692.549 469.956 9.953
0 692.549 469.956 5.295
3 609.749 496.18 9.953
0 609.749 496.18 5.295
3 625.888 508.24 9.953
0 625.888 508.24 5.295
0 645.752 497.386 9.953
0 645.752 497.386 5.295
3 643.741 517.19 9.953
0 643.741 517.19 5.295
3 679.428 485.893 9.953
0 679.428 485.893 5.295
0 665.473 500.088 9.953
0 665.473 500.088 5.295
3 699.677 488.542 9.953
0 699.677 488.542 5.295
3 685.789 505.071 9.953
0 685.789 505.071 5.295
3 600.519 513.816 9.953
0 600.519 513.816 5.295
3 618.556 526.746 9.953
0 618.556 526.746 5.295
3 636.12 536.112 9.953
0 636.12 536.112 5.295
0 669.804 519.517 9.953
0 669.804 519.517 5.295
3 655.885 533.747 9.953
0 655.885 533.747 5.295
3 708.183 506.539 9.953
0 708.183 506.539 5.295
3 725.213 520.741 9.953
0 725.213 520.741 5.295
3 707.999 530.736 9.953
0 707.999 530.736 5.295
3 688.833 525.36 9.953
0 688.833 525.36 5.295
3 599.908 533.713 9.953
0 599.908 533.713 5.295
3 583.344 544.751 9.953
0 583.344 544.751 5.295
3 613.461 548.293 9.953
0 613.461 548.293 5.295
3 636.934 571.37 9.953
0 636.934 571.37 5.295
3 645.76 553.528 9.953
0 645.76 553.528 5.295
3 665.352 557.049 9.953
0 665.352 557.049 5.295
3 656.526 574.891 9.953
0 656.526 574.891 5.295
3 646.332 591.989 9.953
0 646.332 591.989 5.295
3 676.214 577.826 9.953
0 676.214 577.826 5.295
3 694.302 586.136 9.953
0 694.302 586.136 5.295
3 674.914 539.59 9.953
0 674.914 539.59 5.295
3 693.951 546.223 9.953
0 693.951 546.223 5.295
3 692.269 566.057 9.953
0 692.269 566.057 5.295
7 80 235 4.9765
0 80 235 2.6475
7 80 244 4.9765
0 80 244 2.6475
7 80 253 4.9765
0 80 253 2.6475
7 80 262 4.9765
0 80 262 2.6475
7 80 271 4.9765
0 80 271 2.6475
7 80 280 4.9765
0 80 280 2.6475
7 80 289 4.9765
0 80 289 2.6475
7 80 298 4.9765
0 80 298 2.6475
7 80 307 4.9765
0 80 307 2.6475
7 80 316 4.9765
0 80 316 2.6475
7 80 325 4.9765
0 80 325 2.6475
7 80 334 4.9765
0 80 334 2.6475
7 80 343 4.9765
0 80 343 2.6475
7 80 352 4.9765
0 80 352 2.6475
7 80 361 4.9765
0 80 361 2.6475
7 80 370 4.9765
0 80 370 2.6475
7 80 379 4.9765
0 80 379 2.6475
7 80 388 4.9765
0 80 388 2.6475
7 80 397 4.9765
0 80 397 2.6475
7 80 406 4.9765
0 80 406 2.6475
7 80 415 4.9765
0 80 415 2.6475
7 80 424 4.9765
0 80 424 2.6475
7 80 433 4.9765
0 80 433 2.6475
7 80 442 4.9765
0 80 442 2.6475
7 80 451 4.9765
0 80 451 2.6475
7 80 460 4.9765
0 80 460 2.6475
7 80 469 4.9765
0 80 469 2.6475
7 80 478 4.9765
0 80 478 2.6475
7 80 487 4.9765
0 80 487 2.6475
7 80 496 4.9765
0 80 496 2.6475
7 80 505 4.9765
0 80 505 2.6475
7 80 514 4.9765
0 80 514 2.6475
7 80 523 4.9765
0 80 523 2.6475
7 80 532 4.9765
0 80 532 2.6475
7 80 541 4.9765
0 80 541 2.6475
7 80 550 4.9765
0 80 550 2.6475
7 80 559 4.9765
0 80 559 2.6475
7 80 568 4.9765
0 80 568 2.6475
7 80 577 4.9765
0 80 577 2.6475
7 80 586 4.9765
0 80 586 2.6475
7 80 595 4.9765
0 80 595 2.6475
7 80 604 4.9765
0 80 604 2.6475
7 80 613 4.9765
0 80 613 2.6475
7 80 622 4.9765
0 80 622 2.6475
7 80 631 4.9765
0 80 631 2.6475
7 80 640 4.9765
0 80 640 2.6475
7 80 649 4.9765
0 80 649 2.6475
7 80 658 4.9765
0 80 658 2.6475
7 80 667 4.9765
0 80 667 2.6475
7 80 676 4.9765
0 80 676 2.6475
7 80 685 4.9765
0 80 685 2.6475
7 80 694 4.9765
0 80 694 2.6475
7 80 703 4.9765
0 80 703 2.6475
7 80 712 4.9765
0 80 712 2.6475
7 80 721 4.9765
0 80 721 2.6475
7 80 730 4.9765
0 80 730 2.6475
7 80 739 4.9765
0 80 739 2.6475
7 80 748 4.9765
0 80 748 2.6475
7 80 757 4.9765
0 80 757 2.6475
7 80 766 4.9765
0 80 766 2.6475
7 80 775 4.9765
0 80 775 2.6475
7 100 208 4.9765
0 100 208 2.6475
7 100 217 4.9765
0 100 217 2.6475
7 100 226 4.9765
0 100 226 2.6475
7 100 235 4.9765
0 100 235 2.6475
7 100 244 4.9765
0 100 244 2.6475
7 100 253 4.9765
0 100 253 2.6475
7 100 262 4.9765
0 100 262 2.6475
7 100 271 4.9765
0 100 271 2.6475
7 100 280 4.9765
0 100 280 2.6475
7 100 289 4.9765
0 100 289 2.6475
7 100 298 4.9765
0 100 298 2.6475
7 109.837 298.596 4.9765
0 109.837 298.596 2.6475
7 114.017 306.576 4.9765
0 114.017 306.576 2.6475
7 118.743 298.664 4.9765
0 118.743 298.664 2.6475
7 123.464 306.799 4.9765
0 123.464 306.799 2.6475
7 128.524 298.785 4.9765
0 128.524 298.785 2.6475
7 137.6 297.926 4.9765
0 137.6 297.926 2.6475
7 147.461 295.736 4.9765
0 147.461 295.736 2.6475
7 156.045 293.299 4.9765
0 156.045 293.299 2.6475
7 165.039 290.037 4.9765
0 165.039 290.037 2.6475
7 173.584 286.332 4.9765
0 173.584 286.332 2.6475
7 182.088 282.099 4.9765
0 182.088 282.099 2.6475
7 190.303 277.57 4.9765
0 190.303 277.57 2.6475
7 198.449 272.731 4.9765
0 198.449 272.731 2.6475
7 206.424 267.743 4.9765
0 206.424 267.743 2.6475
7 214.369 262.61 4.9765
0 214.369 262.61 2.6475
7 222.246 257.437 4.9765
0 222.246 257.437 2.6475
7 230.135 252.233 4.9765
0 230.135 252.233 2.6475
7 238.023 247.055 4.9765
0 238.023 247.055 2.6475
7 245.948 241.915 4.9765
0 245.948 241.915 2.6475
7 253.906 236.833 4.9765
0 253.906 236.833 2.6475
7 261.91 231.82 4.9765
0 261.91 231.82 2.6475
7 269.96 226.882 4.9765
0 269.96 226.882 2.6475
7 278.063 222.029 4.9765
0 278.063 222.029 2.6475
7 286.221 217.271 4.9765
0 286.221 217.271 2.6475
7 294.443 212.624 4.9765
0 294.443 212.624 2.6475
7 302.735 208.102 4.9765
0 302.735 208.102 2.6475
7 311.106 203.73 4.9765
0 311.106 203.73 2.6475
7 319.564 199.53 4.9765
0 319.564 199.53 2.6475
7 328.117 195.527 4.9765
0 328.117 195.527 2.6475
7 336.771 191.75 4.9765
0 336.771 191.75 2.6475
7 345.531 188.225 4.9765
0 345.531 188.225 2.6475
7 354.398 184.98 4.9765
0 354.398 184.98 2.6475
7 363.38 182.069 4.9765
0 363.38 182.069 2.6475
7 372.406 179.3 4.9765
0 372.406 179.3 2.6475
7 381.757 178.001 4.9765
0 381.757 178.001 2.6475
7 390.186 173.744 4.9765
0 390.186 173.744 2.6475
9 399.632 173.952 4.9765
0 399.632 173.952 2.6475
8 408.664 176.779 4.9765
0 408.664 176.779 2.6475
9 402.959 184.304 4.9765
0 402.959 184.304 2.6475
7 397.367 191.897 4.9765
0 397.367 191.897 2.6475
7 387.943 191.843 4.9765
0 387.943 191.843 2.6475
7 378.539 192.461 4.9765
0 378.539 192.461 2.6475
7 370.184 196.819 4.9765
0 370.184 196.819 2.6475
7 360.763 196.7 4.9765
0 360.763 196.7 2.6475
7 351.725 199.364 4.9765
0 351.725 199.364 2.6475
7 343.341 203.662 4.9765
0 343.341 203.662 2.6475
7 334.815 207.671 4.9765
0 334.815 207.671 2.6475
7 325.875 210.646 4.9765
0 325.875 210.646 2.6475
7 318.01 215.833 4.9765
0 318.01 215.833 2.6475
7 309.242 219.28 4.9765
0 309.242 219.28 2.6475
7 301.389 224.484 4.9765
0 301.389 224.484 2.6475
7 293.015 228.802 4.9765
0 293.015 228.802 2.6475
7 285.304 234.215 4.9765
0 285.304 234.215 2.6475
7 277.246 239.096 4.9765
0 277.246 239.096 2.6475
7 269.249 244.077 4.9765
0 269.249 244.077 2.6475
7 260.964 248.562 4.9765
0 260.964 248.562 2.6475
7 252.857 253.361 4.9765
0 252.857 253.361 2.6475
7 244.673 258.028 4.9765
0 244.673 258.028 2.6475
7 237.648 264.305 4.9765
0 237.648 264.305 2.6475
7 229.845 269.584 4.9765
0 229.845 269.584 2.6475
7 222.993 276.049 4.9765
0 222.993 276.049 2.6475
7 214.866 280.815 4.9765
0 214.866 280.815 2.6475
7 208.096 287.366 4.9765
0 208.096 287.366 2.6475
7 200.058 292.28 4.9765
