cells = zeros(549,4);
cells = [-1 505 505 505
3 581.026 421.085 9.953
0 581.026 421.085 5.295
3 591.953 437.724 9.953
0 591.953 437.724 5.295
3 584.507 456.184 9.953
0 584.507 456.184 5.295
3 582.254 475.961 9.953
0 582.254 475.961 5.295
3 622.038 417.35 9.953
0 622.038 417.35 5.295
3 611.557 434.273 9.953
0 611.557 434.273 5.295
3 607.423 456.225 9.953
0 607.423 456.225 5.295
3 641.446 421.775 9.953
0 641.446 421.775 5.295
3 650.843 439.323 9.953
0 650.843 439.323 5.295
3 630.944 438.784 9.953
0 630.944 438.784 5.295
3 627.216 458.337 9.953
0 627.216 458.337 5.295
3 666.166 426.618 9.953
0 666.166 426.618 5.295
3 670.062 446.139 9.953
0 670.062 446.139 5.295
3 689.532 450.28 9.953
0 689.532 450.28 5.295
3 589.931 494.327 9.953
0 589.931 494.327 5.295
3 612.01 475.731 9.953
0 612.01 475.731 5.295
3 628.034 488.313 9.953
0 628.034 488.313 5.295
3 654.738 458.843 9.953
0 654.738 458.843 5.295
3 640.713 472.968 9.953
0 640.713 472.968 5.295
3 672.848 467.106 9.953
0 672.848 467.106 5.295
3 658.77 481.345 9.953
0 658.77 481.345 5.295
3 692.548 469.956 9.953
0 692.548 469.956 5.295
3 609.75 496.18 9.953
0 609.75 496.18 5.295
3 625.888 508.24 9.953
0 625.888 508.24 5.295
3 645.752 497.386 9.953
0 645.752 497.386 5.295
3 643.741 517.19 9.953
0 643.741 517.19 5.295
3 679.427 485.893 9.953
0 679.427 485.893 5.295
0 665.473 500.088 9.953
0 665.473 500.088 5.295
3 699.677 488.542 9.953
0 699.677 488.542 5.295
3 685.789 505.071 9.953
0 685.789 505.071 5.295
3 600.52 513.816 9.953
0 600.52 513.816 5.295
3 618.556 526.747 9.953
0 618.556 526.747 5.295
3 636.121 536.112 9.953
0 636.121 536.112 5.295
3 669.804 519.517 9.953
0 669.804 519.517 5.295
3 655.885 533.747 9.953
0 655.885 533.747 5.295
3 708.183 506.538 9.953
0 708.183 506.538 5.295
3 725.213 520.741 9.953
0 725.213 520.741 5.295
3 707.999 530.736 9.953
0 707.999 530.736 5.295
3 688.833 525.36 9.953
0 688.833 525.36 5.295
3 599.909 533.712 9.953
0 599.909 533.712 5.295
3 583.344 544.751 9.953
0 583.344 544.751 5.295
3 613.46 548.292 9.953
0 613.46 548.292 5.295
3 636.934 571.37 9.953
0 636.934 571.37 5.295
3 645.76 553.528 9.953
0 645.76 553.528 5.295
3 665.352 557.049 9.953
0 665.352 557.049 5.295
3 656.526 574.891 9.953
0 656.526 574.891 5.295
3 646.332 591.989 9.953
0 646.332 591.989 5.295
3 676.214 577.826 9.953
0 676.214 577.826 5.295
3 694.302 586.136 9.953
0 694.302 586.136 5.295
3 674.914 539.59 9.953
0 674.914 539.59 5.295
3 693.951 546.223 9.953
0 693.951 546.223 5.295
3 692.269 566.057 9.953
0 692.269 566.057 5.295
7 80 235 4.9765
0 80 235 2.6475
7 80 244 4.9765
0 80 244 2.6475
7 80 253 4.9765
0 80 253 2.6475
7 80 262 4.9765
0 80 262 2.6475
7 80 271 4.9765
0 80 271 2.6475
7 80 280 4.9765
0 80 280 2.6475
7 80 289 4.9765
0 80 289 2.6475
7 80 298 4.9765
0 80 298 2.6475
7 80 307 4.9765
0 80 307 2.6475
7 80 316 4.9765
0 80 316 2.6475
7 80 325 4.9765
0 80 325 2.6475
7 80 334 4.9765
0 80 334 2.6475
7 80 343 4.9765
0 80 343 2.6475
7 80 352 4.9765
0 80 352 2.6475
7 80 361 4.9765
0 80 361 2.6475
7 80 370 4.9765
0 80 370 2.6475
7 80 379 4.9765
0 80 379 2.6475
7 80 388 4.9765
0 80 388 2.6475
7 80 397 4.9765
0 80 397 2.6475
7 80 406 4.9765
0 80 406 2.6475
7 80 415 4.9765
0 80 415 2.6475
7 80 424 4.9765
0 80 424 2.6475
7 80 433 4.9765
0 80 433 2.6475
7 80 442 4.9765
0 80 442 2.6475
7 80 451 4.9765
0 80 451 2.6475
7 80 460 4.9765
0 80 460 2.6475
7 80 469 4.9765
0 80 469 2.6475
7 80 478 4.9765
0 80 478 2.6475
7 80 487 4.9765
0 80 487 2.6475
7 80 496 4.9765
0 80 496 2.6475
7 80 505 4.9765
0 80 505 2.6475
7 80 514 4.9765
0 80 514 2.6475
7 80 523 4.9765
0 80 523 2.6475
7 80 532 4.9765
0 80 532 2.6475
7 80 541 4.9765
0 80 541 2.6475
7 80 550 4.9765
0 80 550 2.6475
7 80 559 4.9765
0 80 559 2.6475
7 80 568 4.9765
0 80 568 2.6475
7 80 577 4.9765
0 80 577 2.6475
7 80 586 4.9765
0 80 586 2.6475
7 80 595 4.9765
0 80 595 2.6475
7 80 604 4.9765
0 80 604 2.6475
7 80 613 4.9765
0 80 613 2.6475
7 80 622 4.9765
0 80 622 2.6475
7 80 631 4.9765
0 80 631 2.6475
7 80 640 4.9765
0 80 640 2.6475
7 80 649 4.9765
0 80 649 2.6475
7 80 658 4.9765
0 80 658 2.6475
7 80 667 4.9765
0 80 667 2.6475
7 80 676 4.9765
0 80 676 2.6475
7 80 685 4.9765
0 80 685 2.6475
7 80 694 4.9765
0 80 694 2.6475
7 80 703 4.9765
0 80 703 2.6475
7 80 712 4.9765
0 80 712 2.6475
7 80 721 4.9765
0 80 721 2.6475
7 80 730 4.9765
0 80 730 2.6475
7 80 739 4.9765
0 80 739 2.6475
7 80 748 4.9765
0 80 748 2.6475
7 80 757 4.9765
0 80 757 2.6475
7 80 766 4.9765
0 80 766 2.6475
7 80 775 4.9765
0 80 775 2.6475
7 100 208 4.9765
0 100 208 2.6475
7 100 217 4.9765
0 100 217 2.6475
7 100 226 4.9765
0 100 226 2.6475
7 100 235 4.9765
0 100 235 2.6475
7 100 244 4.9765
0 100 244 2.6475
7 100 253 4.9765
0 100 253 2.6475
7 100 262 4.9765
0 100 262 2.6475
7 100 271 4.9765
0 100 271 2.6475
7 100 280 4.9765
0 100 280 2.6475
7 100 289 4.9765
0 100 289 2.6475
7 100 298 4.9765
0 100 298 2.6475
7 109.311 301.812 4.9765
0 109.311 301.812 2.6475
7 111.303 310.38 4.9765
0 111.303 310.38 2.6475
7 117.991 303.97 4.9765
0 117.991 303.97 2.6475
7 120.481 313.074 4.9765
0 120.481 313.074 2.6475
7 127.544 306.733 4.9765
0 127.544 306.733 2.6475
7 136.498 308.382 4.9765
0 136.498 308.382 2.6475
7 146.172 307.059 4.9765
0 146.172 307.059 2.6475
7 155.188 304.012 4.9765
0 155.188 304.012 2.6475
7 164.414 303.638 4.9765
0 164.414 303.638 2.6475
7 167.263 294.31 4.9765
0 167.263 294.31 2.6475
9 176.598 292.315 4.9765
0 176.598 292.315 2.6475
8 186.138 290.73 4.9765
0 186.138 290.73 2.6475
9 184.745 300.082 4.9765
0 184.745 300.082 2.6475
7 183.251 309.703 4.9765
0 183.251 309.703 2.6475
7 174.099 312.123 4.9765
0 174.099 312.123 2.6475
7 180.74 318.883 4.9765
0 180.74 318.883 2.6475
7 190.208 318.492 4.9765
0 190.208 318.492 2.6475
7 199.773 317.748 4.9765
0 199.773 317.748 2.6475
7 208.523 317.1 4.9765
0 208.523 317.1 2.6475
7 218.911 316.024 4.9765
0 218.911 316.024 2.6475
7 227.212 315.099 4.9765
0 227.212 315.099 2.6475
7 238.205 313.545 4.9765
0 238.205 313.545 2.6475
7 246.529 312.599 4.9765
0 246.529 312.599 2.6475
7 256.438 310.525 4.9765
0 256.438 310.525 2.6475
7 265.461 311.119 4.9765
0 265.461 311.119 2.6475
7 272.716 304.739 4.9765
0 272.716 304.739 2.6475
9 280.288 310.317 4.9765
0 280.288 310.317 2.6475
8 288.116 315.626 4.9765
0 288.116 315.626 2.6475
9 280.487 321.221 4.9765
0 280.487 321.221 2.6475
7 274.688 328.637 4.9765
0 274.688 328.637 2.6475
7 266.389 323.922 4.9765
0 266.389 323.922 2.6475
7 257.115 324.421 4.9765
0 257.115 324.421 2.6475
7 247.802 326.911 4.9765
0 247.802 326.911 2.6475
7 238.682 328.388 4.9765
0 238.682 328.388 2.6475
7 229.051 329.575 4.9765
0 229.051 329.575 2.6475
7 219.885 330.771 4.9765
0 219.885 330.771 2.6475
7 210.251 331.973 4.9765
0 210.251 331.973 2.6475
7 201.062 332.93 4.9765
0 201.062 332.93 2.6475
7 191.396 333.702 4.9765
0 191.396 333.702 2.6475
7 182.143 334.272 4.9765
0 182.143 334.272 2.6475
7 172.513 334.684 4.9765
0 172.513 334.684 2.6475
7 163.186 335.127 4.9765
0 163.186 335.127 2.6475
7 153.645 335.48 4.9765
0 153.645 335.48 2.6475
7 144.3 336.575 4.9765
0 144.3 336.575 2.6475
7 134.852 337.192 4.9765
0 134.852 337.192 2.6475
7 126.268 341.364 4.9765
0 126.268 341.364 2.6475
7 119.013 335.542 4.9765
0 119.013 335.542 2.6475
7 117.538 344.751 4.9765
0 117.538 344.751 2.6475
7 110.199 338.908 4.9765
0 110.199 338.908 2.6475
7 108.694 348.138 4.9765
0 108.694 348.138 2.6475
7 100 352 4.9765
0 100 352 2.6475
7 100 361 4.9765
0 100 361 2.6475
7 100 370 4.9765
0 100 370 2.6475
7 100 379 4.9765
0 100 379 2.6475
7 100 388 4.9765
0 100 388 2.6475
7 100 397 4.9765
0 100 397 2.6475
7 100 406 4.9765
0 100 406 2.6475
7 100 415 4.9765
0 100 415 2.6475
7 100 424 4.9765
0 100 424 2.6475
7 100 433 4.9765
0 100 433 2.6475
7 100 442 4.9765
0 100 442 2.6475
7 100 451 4.9765
0 100 451 2.6475
7 100 460 4.9765
0 100 460 2.6475
7 100 469 4.9765
0 100 469 2.6475
7 100 478 4.9765
0 100 478 2.6475
7 100 487 4.9765
0 100 487 2.6475
7 100 496 4.9765
0 100 496 2.6475
7 100 505 4.9765
0 100 505 2.6475
7 100 514 4.9765
0 100 514 2.6475
7 100 523 4.9765
0 100 523 2.6475
