cells = zeros(2013,4);
cells = [-1 505 505 505
3 611.715 403.288 9.953
0 611.715 403.288 5.295
3 599.497 454.451 9.953
0 599.497 454.451 5.295
3 568.159 446.054 9.953
0 568.159 446.054 5.295
3 623.757 482.072 9.953
0 623.757 482.072 5.295
3 634.56 401.228 9.953
0 634.56 401.228 5.295
3 627.132 419.647 9.953
0 627.132 419.647 5.295
3 632.592 453.639 9.953
0 632.592 453.639 5.295
3 649.013 415.065 9.953
0 649.013 415.065 5.295
3 661.319 433.428 9.953
0 661.319 433.428 5.295
3 641.281 433.741 9.953
0 641.281 433.741 5.295
3 652.033 450.877 9.953
0 652.033 450.877 5.295
3 674.306 418.467 9.953
0 674.306 418.467 5.295
3 683.945 436.094 9.953
0 683.945 436.094 5.295
3 698.52 449.699 9.953
0 698.52 449.699 5.295
3 595.583 512.187 9.953
0 595.583 512.187 5.295
3 640.6 471.67 9.953
0 640.6 471.67 5.295
3 645.067 490.921 9.953
0 645.067 490.921 5.295
3 671.728 451.654 9.953
0 671.728 451.654 5.295
0 660.217 468.919 9.953
0 660.217 468.919 5.295
3 680.203 469.509 9.953
0 680.203 469.509 5.295
0 669.714 486.319 9.953
0 669.714 486.319 5.295
3 700.05 469.561 9.953
0 700.05 469.561 5.295
3 623.988 501.834 9.953
0 623.988 501.834 5.295
3 641.719 510.412 9.953
0 641.719 510.412 5.295
0 660.264 503.703 9.953
0 660.264 503.703 5.295
0 653.223 526.411 9.953
0 653.223 526.411 5.295
3 689.937 486.753 9.953
0 689.937 486.753 5.295
0 680.019 503.896 9.953
0 680.019 503.896 5.295
3 709.741 487.922 9.953
0 709.741 487.922 5.295
3 699.778 505.103 9.953
0 699.778 505.103 5.295
3 614.082 519.449 9.953
0 614.082 519.449 5.295
3 632.073 527.656 9.953
0 632.073 527.656 5.295
3 643.602 543.671 9.953
0 643.602 543.671 5.295
0 672.542 522.256 9.953
0 672.542 522.256 5.295
3 663.353 543.382 9.953
0 663.353 543.382 5.295
3 719.604 505.488 9.953
0 719.604 505.488 5.295
3 728.645 523.185 9.953
0 728.645 523.185 5.295
3 710.52 531.292 9.953
0 710.52 531.292 5.295
3 692.3 523.481 9.953
0 692.3 523.481 5.295
3 626.383 553.274 9.953
0 626.383 553.274 5.295
3 575.999 515.014 9.953
0 575.999 515.014 5.295
3 615.845 570 9.953
0 615.845 570 5.295
3 635.472 574.903 9.953
0 635.472 574.903 5.295
3 650.675 562.114 9.953
0 650.675 562.114 5.295
3 671.057 561.602 9.953
0 671.057 561.602 5.295
3 658.014 580.501 9.953
0 658.014 580.501 5.295
3 644.231 594.795 9.953
0 644.231 594.795 5.295
3 677.867 580.216 9.953
0 677.867 580.216 5.295
3 696.493 587.08 9.953
0 696.493 587.08 5.295
3 682.98 540.997 9.953
0 682.98 540.997 5.295
3 701.176 548.835 9.953
0 701.176 548.835 5.295
3 693.2 567.038 9.953
0 693.2 567.038 5.295
7 80 235 4.9765
0 80 235 2.6475
7 80 244 4.9765
0 80 244 2.6475
7 80 253 4.9765
0 80 253 2.6475
7 80 262 4.9765
0 80 262 2.6475
7 80 271 4.9765
0 80 271 2.6475
7 80 280 4.9765
0 80 280 2.6475
7 80 289 4.9765
0 80 289 2.6475
7 80 298 4.9765
0 80 298 2.6475
7 80 307 4.9765
0 80 307 2.6475
7 80 316 4.9765
0 80 316 2.6475
7 80 325 4.9765
0 80 325 2.6475
7 80 334 4.9765
0 80 334 2.6475
7 80 343 4.9765
0 80 343 2.6475
7 80 352 4.9765
0 80 352 2.6475
7 80 361 4.9765
0 80 361 2.6475
7 80 370 4.9765
0 80 370 2.6475
7 80 379 4.9765
0 80 379 2.6475
7 80 388 4.9765
0 80 388 2.6475
7 80 397 4.9765
0 80 397 2.6475
7 80 406 4.9765
0 80 406 2.6475
7 80 415 4.9765
0 80 415 2.6475
7 80 424 4.9765
0 80 424 2.6475
7 80 433 4.9765
0 80 433 2.6475
7 80 442 4.9765
0 80 442 2.6475
7 80 451 4.9765
0 80 451 2.6475
7 80 460 4.9765
0 80 460 2.6475
7 80 469 4.9765
0 80 469 2.6475
7 80 478 4.9765
0 80 478 2.6475
7 80 487 4.9765
0 80 487 2.6475
7 80 496 4.9765
0 80 496 2.6475
7 80 505 4.9765
0 80 505 2.6475
7 80 514 4.9765
0 80 514 2.6475
7 80 523 4.9765
0 80 523 2.6475
7 80 532 4.9765
0 80 532 2.6475
7 80 541 4.9765
0 80 541 2.6475
7 80 550 4.9765
0 80 550 2.6475
7 80 559 4.9765
0 80 559 2.6475
7 80 568 4.9765
0 80 568 2.6475
7 80 577 4.9765
0 80 577 2.6475
7 80 586 4.9765
0 80 586 2.6475
7 80 595 4.9765
0 80 595 2.6475
7 80 604 4.9765
0 80 604 2.6475
7 80 613 4.9765
0 80 613 2.6475
7 80 622 4.9765
0 80 622 2.6475
7 80 631 4.9765
0 80 631 2.6475
7 80 640 4.9765
0 80 640 2.6475
7 80 649 4.9765
0 80 649 2.6475
7 80 658 4.9765
0 80 658 2.6475
7 80 667 4.9765
0 80 667 2.6475
7 80 676 4.9765
0 80 676 2.6475
7 80 685 4.9765
0 80 685 2.6475
7 80 694 4.9765
0 80 694 2.6475
7 80 703 4.9765
0 80 703 2.6475
7 80 712 4.9765
0 80 712 2.6475
7 80 721 4.9765
0 80 721 2.6475
7 80 730 4.9765
0 80 730 2.6475
7 80 739 4.9765
0 80 739 2.6475
7 80 748 4.9765
0 80 748 2.6475
7 80 757 4.9765
0 80 757 2.6475
7 80 766 4.9765
0 80 766 2.6475
7 80 775 4.9765
0 80 775 2.6475
7 100 208 4.9765
0 100 208 2.6475
7 100 217 4.9765
0 100 217 2.6475
7 100 226 4.9765
0 100 226 2.6475
7 100 235 4.9765
0 100 235 2.6475
7 100 244 4.9765
0 100 244 2.6475
7 100 253 4.9765
0 100 253 2.6475
7 100 262 4.9765
0 100 262 2.6475
7 100 271 4.9765
0 100 271 2.6475
7 100 280 4.9765
0 100 280 2.6475
7 100 289 4.9765
0 100 289 2.6475
7 100 298 4.9765
0 100 298 2.6475
7 109.358 296.639 4.9765
0 109.358 296.639 2.6475
7 115.344 303.88 4.9765
0 115.344 303.88 2.6475
7 118.598 295.071 4.9765
0 118.598 295.071 2.6475
7 124.637 302.347 4.9765
0 124.637 302.347 2.6475
7 127.981 293.494 4.9765
0 127.981 293.494 2.6475
7 137.151 291.537 4.9765
0 137.151 291.537 2.6475
7 146.314 289.152 4.9765
0 146.314 289.152 2.6475
7 155.336 286.466 4.9765
0 155.336 286.466 2.6475
7 164.287 283.447 4.9765
0 164.287 283.447 2.6475
7 173.107 280.121 4.9765
0 173.107 280.121 2.6475
7 181.822 276.498 4.9765
0 181.822 276.498 2.6475
7 190.417 272.615 4.9765
0 190.417 272.615 2.6475
7 198.908 268.502 4.9765
0 198.908 268.502 2.6475
7 207.302 264.199 4.9765
0 207.302 264.199 2.6475
7 215.618 259.744 4.9765
0 215.618 259.744 2.6475
7 223.87 255.175 4.9765
0 223.87 255.175 2.6475
7 232.078 250.526 4.9765
0 232.078 250.526 2.6475
7 240.26 245.831 4.9765
0 240.26 245.831 2.6475
7 248.431 241.119 4.9765
0 248.431 241.119 2.6475
7 256.607 236.415 4.9765
0 256.607 236.415 2.6475
7 264.8 231.742 4.9765
0 264.8 231.742 2.6475
7 273.021 227.117 4.9765
0 273.021 227.117 2.6475
7 281.275 222.552 4.9765
0 281.275 222.552 2.6475
7 289.561 218.045 4.9765
0 289.561 218.045 2.6475
7 297.923 213.681 4.9765
0 297.923 213.681 2.6475
7 306.326 209.396 4.9765
0 306.326 209.396 2.6475
7 314.845 205.346 4.9765
0 314.845 205.346 2.6475
7 323.415 201.405 4.9765
0 323.415 201.405 2.6475
7 332.093 197.707 4.9765
0 332.093 197.707 2.6475
7 340.868 194.244 4.9765
0 340.868 194.244 2.6475
7 349.738 191.035 4.9765
0 349.738 191.035 2.6475
7 358.703 188.096 4.9765
0 358.703 188.096 2.6475
7 367.779 185.52 4.9765
0 367.779 185.52 2.6475
7 376.893 183.084 4.9765
0 376.893 183.084 2.6475
7 386.103 181.033 4.9765
0 386.103 181.033 2.6475
7 395.341 179.111 4.9765
0 395.341 179.111 2.6475
7 404.642 177.524 4.9765
0 404.642 177.524 2.6475
7 413.965 176.063 4.9765
0 413.965 176.063 2.6475
7 423.308 174.731 4.9765
0 423.308 174.731 2.6475
7 432.67 173.529 4.9765
0 432.67 173.529 2.6475
7 442.064 172.615 4.9765
0 442.064 172.615 2.6475
7 451.483 171.986 4.9765
0 451.483 171.986 2.6475
7 460.91 171.477 4.9765
0 460.91 171.477 2.6475
7 470.343 171.099 4.9765
0 470.343 171.099 2.6475
7 479.783 170.861 4.9765
0 479.783 170.861 2.6475
7 489.225 170.766 4.9765
0 489.225 170.766 2.6475
7 498.669 170.818 4.9765
0 498.669 170.818 2.6475
7 508.112 171.016 4.9765
0 508.112 171.016 2.6475
7 517.552 171.366 4.9765
0 517.552 171.366 2.6475
7 526.985 171.872 4.9765
0 526.985 171.872 2.6475
7 536.41 172.544 4.9765
0 536.41 172.544 2.6475
7 545.821 173.396 4.9765
0 545.821 173.396 2.6475
7 555.213 174.444 4.9765
0 555.213 174.444 2.6475
7 564.581 175.701 4.9765
0 564.581 175.701 2.6475
7 573.919 177.179 4.9765
0 573.919 177.179 2.6475
7 583.219 178.88 4.9765
0 583.219 178.88 2.6475
7 592.478 180.802 4.9765
0 592.478 180.802 2.6475
7 601.689 182.951 4.9765
0 601.689 182.951 2.6475
7 610.838 185.354 4.9765
0 610.838 185.354 2.6475
7 619.903 188.061 4.9765
0 619.903 188.061 2.6475
7 628.853 191.134 4.9765
0 628.853 191.134 2.6475
7 637.595 194.762 4.9765
0 637.595 194.762 2.6475
9 645.907 199.295 4.9765
0 645.907 199.295 2.6475
8 652.598 206.005 4.9765
