cells = zeros(2595,4);
cells = [-1 505 505 505
3 610.651 399.924 9.953
0 610.651 399.924 5.295
3 596.647 448.983 9.953
0 596.647 448.983 5.295
3 565.198 445.929 9.953
0 565.198 445.929 5.295
3 629.115 472.945 9.953
0 629.115 472.945 5.295
3 637.221 393.783 9.953
0 637.221 393.783 5.295
3 627.154 411.054 9.953
0 627.154 411.054 5.295
3 659.351 434.808 9.953
0 659.351 434.808 5.295
3 652.73 406.084 9.953
0 652.73 406.084 5.295
3 668.909 417.47 9.953
0 668.909 417.47 5.295
3 643.161 423.471 9.953
0 643.161 423.471 5.295
3 677.279 443.03 9.953
0 677.279 443.03 5.295
3 680.543 401.465 9.953
0 680.543 401.465 5.295
3 686.854 425.83 9.953
0 686.854 425.83 5.295
3 725.63 436.611 9.953
0 725.63 436.611 5.295
3 576.539 507.066 9.953
0 576.539 507.066 5.295
3 682.285 462.06 9.953
0 682.285 462.06 5.295
3 690.605 482.701 9.953
0 690.605 482.701 5.295
3 706.465 431.207 9.953
0 706.465 431.207 5.295
0 696.708 448.46 9.953
0 696.708 448.46 5.295
3 718.08 454.866 9.953
0 718.08 454.866 5.295
0 702.782 467.285 9.953
0 702.782 467.285 5.295
3 736.631 461.929 9.953
0 736.631 461.929 5.295
3 648.493 491.656 9.953
0 648.493 491.656 5.295
3 695.557 504.205 9.953
0 695.557 504.205 5.295
0 708.968 489.777 9.953
0 708.968 489.777 5.295
0 700.865 523.259 9.953
0 700.865 523.259 5.295
3 721.312 474.416 9.953
0 721.312 474.416 5.295
0 728.038 494.71 9.953
0 728.038 494.71 5.295
3 742.225 480.981 9.953
0 742.225 480.981 5.295
3 745.482 503.923 9.953
0 745.482 503.923 5.295
3 589.276 522.3 9.953
0 589.276 522.3 5.295
3 658.438 510.599 9.953
0 658.438 510.599 5.295
3 681.293 548.081 9.953
0 681.293 548.081 5.295
0 714.578 509.103 9.953
0 714.578 509.103 5.295
3 701.014 543.019 9.953
0 701.014 543.019 5.295
3 759.785 490.248 9.953
0 759.785 490.248 5.295
3 755.728 520.815 9.953
0 755.728 520.815 5.295
3 742.258 535.119 9.953
0 742.258 535.119 5.295
3 731.928 518.339 9.953
0 731.928 518.339 5.295
3 623.244 571.614 9.953
0 623.244 571.614 5.295
3 561.331 519.804 9.953
0 561.331 519.804 5.295
3 597.138 590.616 9.953
0 597.138 590.616 5.295
3 616.903 591.899 9.953
0 616.903 591.899 5.295
3 712.274 559.403 9.953
0 712.274 559.403 5.295
3 729.088 549.57 9.953
0 729.088 549.57 5.295
3 669.226 595.46 9.953
0 669.226 595.46 5.295
3 654.271 608.153 9.953
0 654.271 608.153 5.295
3 688.327 591.407 9.953
0 688.327 591.407 5.295
3 692.61 611.806 9.953
0 692.61 611.806 5.295
3 718.172 532.862 9.953
0 718.172 532.862 5.295
3 746.746 558.33 9.953
0 746.746 558.33 5.295
3 732.769 572.36 9.953
0 732.769 572.36 5.295
7 80 235 4.9765
0 80 235 2.6475
7 80 244 4.9765
0 80 244 2.6475
7 80 253 4.9765
0 80 253 2.6475
7 80 262 4.9765
0 80 262 2.6475
7 80 271 4.9765
0 80 271 2.6475
7 80 280 4.9765
0 80 280 2.6475
7 80 289 4.9765
0 80 289 2.6475
7 80 298 4.9765
0 80 298 2.6475
7 80 307 4.9765
0 80 307 2.6475
7 80 316 4.9765
0 80 316 2.6475
7 80 325 4.9765
0 80 325 2.6475
7 80 334 4.9765
0 80 334 2.6475
7 80 343 4.9765
0 80 343 2.6475
7 80 352 4.9765
0 80 352 2.6475
7 80 361 4.9765
0 80 361 2.6475
7 80 370 4.9765
0 80 370 2.6475
7 80 379 4.9765
0 80 379 2.6475
7 80 388 4.9765
0 80 388 2.6475
7 80 397 4.9765
0 80 397 2.6475
7 80 406 4.9765
0 80 406 2.6475
7 80 415 4.9765
0 80 415 2.6475
7 80 424 4.9765
0 80 424 2.6475
7 80 433 4.9765
0 80 433 2.6475
7 80 442 4.9765
0 80 442 2.6475
7 80 451 4.9765
0 80 451 2.6475
7 80 460 4.9765
0 80 460 2.6475
7 80 469 4.9765
0 80 469 2.6475
7 80 478 4.9765
0 80 478 2.6475
7 80 487 4.9765
0 80 487 2.6475
7 80 496 4.9765
0 80 496 2.6475
7 80 505 4.9765
0 80 505 2.6475
7 80 514 4.9765
0 80 514 2.6475
7 80 523 4.9765
0 80 523 2.6475
7 80 532 4.9765
0 80 532 2.6475
7 80 541 4.9765
0 80 541 2.6475
7 80 550 4.9765
0 80 550 2.6475
7 80 559 4.9765
0 80 559 2.6475
7 80 568 4.9765
0 80 568 2.6475
7 80 577 4.9765
0 80 577 2.6475
7 80 586 4.9765
0 80 586 2.6475
7 80 595 4.9765
0 80 595 2.6475
7 80 604 4.9765
0 80 604 2.6475
7 80 613 4.9765
0 80 613 2.6475
7 80 622 4.9765
0 80 622 2.6475
7 80 631 4.9765
0 80 631 2.6475
7 80 640 4.9765
0 80 640 2.6475
7 80 649 4.9765
0 80 649 2.6475
7 80 658 4.9765
0 80 658 2.6475
7 80 667 4.9765
0 80 667 2.6475
7 80 676 4.9765
0 80 676 2.6475
7 80 685 4.9765
0 80 685 2.6475
7 80 694 4.9765
0 80 694 2.6475
7 80 703 4.9765
0 80 703 2.6475
7 80 712 4.9765
0 80 712 2.6475
7 80 721 4.9765
0 80 721 2.6475
7 80 730 4.9765
0 80 730 2.6475
7 80 739 4.9765
0 80 739 2.6475
7 80 748 4.9765
0 80 748 2.6475
7 80 757 4.9765
0 80 757 2.6475
7 80 766 4.9765
0 80 766 2.6475
7 80 775 4.9765
0 80 775 2.6475
7 100 208 4.9765
0 100 208 2.6475
7 100 217 4.9765
0 100 217 2.6475
7 100 226 4.9765
0 100 226 2.6475
7 100 235 4.9765
0 100 235 2.6475
7 100 244 4.9765
0 100 244 2.6475
7 100 253 4.9765
0 100 253 2.6475
7 100 262 4.9765
0 100 262 2.6475
7 100 271 4.9765
0 100 271 2.6475
7 100 280 4.9765
0 100 280 2.6475
7 100 289 4.9765
0 100 289 2.6475
7 100 298 4.9765
0 100 298 2.6475
7 108.391 293.507 4.9765
0 108.391 293.507 2.6475
7 114.382 300.628 4.9765
0 114.382 300.628 2.6475
7 117.463 291.824 4.9765
0 117.463 291.824 2.6475
7 123.672 299.036 4.9765
0 123.672 299.036 2.6475
7 126.963 290.103 4.9765
0 126.963 290.103 2.6475
7 136.086 288.292 4.9765
0 136.086 288.292 2.6475
7 145.304 285.938 4.9765
0 145.304 285.938 2.6475
7 154.342 283.352 4.9765
0 154.342 283.352 2.6475
7 163.356 280.479 4.9765
0 163.356 280.479 2.6475
7 172.249 277.348 4.9765
0 172.249 277.348 2.6475
7 181.063 273.954 4.9765
0 181.063 273.954 2.6475
7 189.775 270.331 4.9765
0 189.775 270.331 2.6475
7 198.402 266.499 4.9765
0 198.402 266.499 2.6475
7 206.944 262.49 4.9765
0 206.944 262.49 2.6475
7 215.416 258.333 4.9765
0 215.416 258.333 2.6475
7 223.827 254.056 4.9765
0 223.827 254.056 2.6475
7 232.189 249.686 4.9765
0 232.189 249.686 2.6475
7 240.516 245.25 4.9765
0 240.516 245.25 2.6475
7 248.82 240.772 4.9765
0 248.82 240.772 2.6475
7 257.112 236.275 4.9765
0 257.112 236.275 2.6475
7 265.405 231.779 4.9765
0 265.405 231.779 2.6475
7 273.707 227.302 4.9765
0 273.707 227.302 2.6475
7 282.03 222.865 4.9765
0 282.03 222.865 2.6475
7 290.382 218.482 4.9765
0 290.382 218.482 2.6475
7 298.819 214.267 4.9765
0 298.819 214.267 2.6475
7 307.293 210.128 4.9765
0 307.293 210.128 2.6475
7 315.849 206.161 4.9765
0 315.849 206.161 2.6475
7 324.477 202.355 4.9765
0 324.477 202.355 2.6475
7 333.189 198.745 4.9765
0 333.189 198.745 2.6475
7 341.991 195.359 4.9765
0 341.991 195.359 2.6475
7 350.881 192.216 4.9765
0 350.881 192.216 2.6475
7 359.858 189.327 4.9765
0 359.858 189.327 2.6475
7 368.933 186.766 4.9765
0 368.933 186.766 2.6475
7 378.041 184.325 4.9765
0 378.041 184.325 2.6475
7 387.228 182.196 4.9765
0 387.228 182.196 2.6475
7 396.462 180.285 4.9765
0 396.462 180.285 2.6475
7 405.748 178.646 4.9765
0 405.748 178.646 2.6475
7 415.052 177.117 4.9765
0 415.052 177.117 2.6475
7 424.401 175.883 4.9765
0 424.401 175.883 2.6475
7 433.763 174.761 4.9765
0 433.763 174.761 2.6475
7 443.152 173.883 4.9765
0 443.152 173.883 2.6475
7 452.561 173.255 4.9765
0 452.561 173.255 2.6475
7 461.976 172.735 4.9765
0 461.976 172.735 2.6475
7 471.396 172.324 4.9765
0 471.396 172.324 2.6475
7 480.826 172.209 4.9765
0 480.826 172.209 2.6475
7 490.254 172.196 4.9765
0 490.254 172.196 2.6475
7 499.685 172.284 4.9765
0 499.685 172.284 2.6475
7 509.106 172.637 4.9765
0 509.106 172.637 2.6475
7 518.526 173.092 4.9765
0 518.526 173.092 2.6475
7 527.936 173.65 4.9765
0 527.936 173.65 2.6475
7 537.334 174.449 4.9765
0 537.334 174.449 2.6475
7 546.705 175.45 4.9765
0 546.705 175.45 2.6475
7 556.077 176.531 4.9765
0 556.077 176.531 2.6475
7 565.403 177.864 4.9765
0 565.403 177.864 2.6475
7 574.686 179.558 4.9765
0 574.686 179.558 2.6475
7 583.921 181.404 4.9765
0 583.921 181.404 2.6475
7 593.066 183.743 4.9765
0 593.066 183.743 2.6475
7 602.138 186.256 4.9765
0 602.138 186.256 2.6475
7 611.18 188.974 4.9765
0 611.18 188.974 2.6475
7 620.126 191.895 4.9765
0 620.126 191.895 2.6475
7 628.864 195.478 4.9765
0 628.864 195.478 2.6475
7 637.476 199.265 4.9765
0 637.476 199.265 2.6475
7 646.019 203.295 4.9765
0 646.019 203.295 2.6475
7 654.204 207.93 4.9765
