cells = zeros(1509,4);
cells = [-1 505 505 505
3 581.026 421.084 9.953
0 581.026 421.084 5.295
3 591.952 437.723 9.953
0 591.952 437.723 5.295
3 584.506 456.184 9.953
0 584.506 456.184 5.295
3 582.254 475.962 9.953
0 582.254 475.962 5.295
3 622.038 417.349 9.953
0 622.038 417.349 5.295
3 611.557 434.272 9.953
0 611.557 434.272 5.295
3 607.423 456.225 9.953
0 607.423 456.225 5.295
3 641.446 421.774 9.953
0 641.446 421.774 5.295
3 650.843 439.322 9.953
0 650.843 439.322 5.295
3 630.944 438.784 9.953
0 630.944 438.784 5.295
3 627.216 458.337 9.953
0 627.216 458.337 5.295
3 666.167 426.618 9.953
0 666.167 426.618 5.295
3 670.063 446.139 9.953
0 670.063 446.139 5.295
3 689.533 450.28 9.953
0 689.533 450.28 5.295
3 589.93 494.328 9.953
0 589.93 494.328 5.295
3 612.01 475.731 9.953
0 612.01 475.731 5.295
3 628.034 488.314 9.953
0 628.034 488.314 5.295
3 654.738 458.843 9.953
0 654.738 458.843 5.295
3 640.713 472.968 9.953
0 640.713 472.968 5.295
3 672.848 467.106 9.953
0 672.848 467.106 5.295
0 658.771 481.345 9.953
0 658.771 481.345 5.295
3 692.549 469.956 9.953
0 692.549 469.956 5.295
3 609.749 496.18 9.953
0 609.749 496.18 5.295
3 625.888 508.24 9.953
0 625.888 508.24 5.295
0 645.752 497.387 9.953
0 645.752 497.387 5.295
3 643.741 517.19 9.953
0 643.741 517.19 5.295
3 679.428 485.893 9.953
0 679.428 485.893 5.295
0 665.474 500.088 9.953
0 665.474 500.088 5.295
3 699.677 488.542 9.953
0 699.677 488.542 5.295
3 685.789 505.071 9.953
0 685.789 505.071 5.295
3 600.519 513.816 9.953
0 600.519 513.816 5.295
3 618.555 526.746 9.953
0 618.555 526.746 5.295
3 636.12 536.112 9.953
0 636.12 536.112 5.295
0 669.804 519.517 9.953
0 669.804 519.517 5.295
3 655.885 533.748 9.953
0 655.885 533.748 5.295
3 708.183 506.539 9.953
0 708.183 506.539 5.295
3 725.213 520.741 9.953
0 725.213 520.741 5.295
3 707.999 530.736 9.953
0 707.999 530.736 5.295
3 688.833 525.359 9.953
0 688.833 525.359 5.295
3 599.908 533.713 9.953
0 599.908 533.713 5.295
3 583.343 544.751 9.953
0 583.343 544.751 5.295
3 613.461 548.293 9.953
0 613.461 548.293 5.295
3 636.934 571.37 9.953
0 636.934 571.37 5.295
3 645.76 553.528 9.953
0 645.76 553.528 5.295
3 665.352 557.049 9.953
0 665.352 557.049 5.295
3 656.526 574.891 9.953
0 656.526 574.891 5.295
3 646.332 591.989 9.953
0 646.332 591.989 5.295
3 676.214 577.826 9.953
0 676.214 577.826 5.295
3 694.302 586.136 9.953
0 694.302 586.136 5.295
3 674.914 539.59 9.953
0 674.914 539.59 5.295
3 693.951 546.223 9.953
0 693.951 546.223 5.295
3 692.269 566.057 9.953
0 692.269 566.057 5.295
7 80 235 4.9765
0 80 235 2.6475
7 80 244 4.9765
0 80 244 2.6475
7 80 253 4.9765
0 80 253 2.6475
7 80 262 4.9765
0 80 262 2.6475
7 80 271 4.9765
0 80 271 2.6475
7 80 280 4.9765
0 80 280 2.6475
7 80 289 4.9765
0 80 289 2.6475
7 80 298 4.9765
0 80 298 2.6475
7 80 307 4.9765
0 80 307 2.6475
7 80 316 4.9765
0 80 316 2.6475
7 80 325 4.9765
0 80 325 2.6475
7 80 334 4.9765
0 80 334 2.6475
7 80 343 4.9765
0 80 343 2.6475
7 80 352 4.9765
0 80 352 2.6475
7 80 361 4.9765
0 80 361 2.6475
7 80 370 4.9765
0 80 370 2.6475
7 80 379 4.9765
0 80 379 2.6475
7 80 388 4.9765
0 80 388 2.6475
7 80 397 4.9765
0 80 397 2.6475
7 80 406 4.9765
0 80 406 2.6475
7 80 415 4.9765
0 80 415 2.6475
7 80 424 4.9765
0 80 424 2.6475
7 80 433 4.9765
0 80 433 2.6475
7 80 442 4.9765
0 80 442 2.6475
7 80 451 4.9765
0 80 451 2.6475
7 80 460 4.9765
0 80 460 2.6475
7 80 469 4.9765
0 80 469 2.6475
7 80 478 4.9765
0 80 478 2.6475
7 80 487 4.9765
0 80 487 2.6475
7 80 496 4.9765
0 80 496 2.6475
7 80 505 4.9765
0 80 505 2.6475
7 80 514 4.9765
0 80 514 2.6475
7 80 523 4.9765
0 80 523 2.6475
7 80 532 4.9765
0 80 532 2.6475
7 80 541 4.9765
0 80 541 2.6475
7 80 550 4.9765
0 80 550 2.6475
7 80 559 4.9765
0 80 559 2.6475
7 80 568 4.9765
0 80 568 2.6475
7 80 577 4.9765
0 80 577 2.6475
7 80 586 4.9765
0 80 586 2.6475
7 80 595 4.9765
0 80 595 2.6475
7 80 604 4.9765
0 80 604 2.6475
7 80 613 4.9765
0 80 613 2.6475
7 80 622 4.9765
0 80 622 2.6475
7 80 631 4.9765
0 80 631 2.6475
7 80 640 4.9765
0 80 640 2.6475
7 80 649 4.9765
0 80 649 2.6475
7 80 658 4.9765
0 80 658 2.6475
7 80 667 4.9765
0 80 667 2.6475
7 80 676 4.9765
0 80 676 2.6475
7 80 685 4.9765
0 80 685 2.6475
7 80 694 4.9765
0 80 694 2.6475
7 80 703 4.9765
0 80 703 2.6475
7 80 712 4.9765
0 80 712 2.6475
7 80 721 4.9765
0 80 721 2.6475
7 80 730 4.9765
0 80 730 2.6475
7 80 739 4.9765
0 80 739 2.6475
7 80 748 4.9765
0 80 748 2.6475
7 80 757 4.9765
0 80 757 2.6475
7 80 766 4.9765
0 80 766 2.6475
7 80 775 4.9765
0 80 775 2.6475
7 100 208 4.9765
0 100 208 2.6475
7 100 217 4.9765
0 100 217 2.6475
7 100 226 4.9765
0 100 226 2.6475
7 100 235 4.9765
0 100 235 2.6475
7 100 244 4.9765
0 100 244 2.6475
7 100 253 4.9765
0 100 253 2.6475
7 100 262 4.9765
0 100 262 2.6475
7 100 271 4.9765
0 100 271 2.6475
7 100 280 4.9765
0 100 280 2.6475
7 100 289 4.9765
0 100 289 2.6475
7 100 298 4.9765
0 100 298 2.6475
7 109.435 297.449 4.9765
0 109.435 297.449 2.6475
7 114.873 305.139 4.9765
0 114.873 305.139 2.6475
7 118.837 296.597 4.9765
0 118.837 296.597 2.6475
7 124.257 304.307 4.9765
0 124.257 304.307 2.6475
7 128.255 295.772 4.9765
0 128.255 295.772 2.6475
7 137.579 294.31 4.9765
0 137.579 294.31 2.6475
7 146.776 292.148 4.9765
0 146.776 292.148 2.6475
7 155.844 289.536 4.9765
0 155.844 289.536 2.6475
7 164.772 286.465 4.9765
0 164.772 286.465 2.6475
7 173.537 282.984 4.9765
0 173.537 282.984 2.6475
7 182.151 279.128 4.9765
0 182.151 279.128 2.6475
7 190.608 274.963 4.9765
0 190.608 274.963 2.6475
7 198.941 270.537 4.9765
0 198.941 270.537 2.6475
7 207.157 265.916 4.9765
0 207.157 265.916 2.6475
7 215.294 261.145 4.9765
0 215.294 261.145 2.6475
7 223.368 256.277 4.9765
0 223.368 256.277 2.6475
7 231.41 251.348 4.9765
0 231.41 251.348 2.6475
7 239.435 246.397 4.9765
0 239.435 246.397 2.6475
7 247.467 241.452 4.9765
0 247.467 241.452 2.6475
7 255.518 236.54 4.9765
0 255.518 236.54 2.6475
7 263.602 231.683 4.9765
0 263.602 231.683 2.6475
7 271.732 226.901 4.9765
0 271.732 226.901 2.6475
7 279.916 222.212 4.9765
0 279.916 222.212 2.6475
7 288.164 217.635 4.9765
0 288.164 217.635 2.6475
7 296.48 213.185 4.9765
0 296.48 213.185 2.6475
7 304.87 208.873 4.9765
0 304.87 208.873 2.6475
7 313.332 204.705 4.9765
0 313.332 204.705 2.6475
7 321.87 200.692 4.9765
0 321.87 200.692 2.6475
7 330.537 196.966 4.9765
0 330.537 196.966 2.6475
7 339.27 193.398 4.9765
0 339.27 193.398 2.6475
7 348.072 189.998 4.9765
0 348.072 189.998 2.6475
7 357.003 186.953 4.9765
0 357.003 186.953 2.6475
7 366.062 184.31 4.9765
0 366.062 184.31 2.6475
7 375.174 181.854 4.9765
0 375.174 181.854 2.6475
7 384.356 179.671 4.9765
0 384.356 179.671 2.6475
7 393.583 177.682 4.9765
0 393.583 177.682 2.6475
7 402.852 175.896 4.9765
0 402.852 175.896 2.6475
7 412.161 174.322 4.9765
0 412.161 174.322 2.6475
7 421.505 172.969 4.9765
0 421.505 172.969 2.6475
7 430.88 171.837 4.9765
0 430.88 171.837 2.6475
7 440.28 170.923 4.9765
0 440.28 170.923 2.6475
7 449.699 170.222 4.9765
0 449.699 170.222 2.6475
7 459.131 169.72 4.9765
0 459.131 169.72 2.6475
7 468.574 169.396 4.9765
0 468.574 169.396 2.6475
7 478.021 169.201 4.9765
0 478.021 169.201 2.6475
7 487.47 169.079 4.9765
0 487.47 169.079 2.6475
7 496.922 169.039 4.9765
0 496.922 169.039 2.6475
7 506.375 169.159 4.9765
0 506.375 169.159 2.6475
7 515.826 168.858 4.9765
0 515.826 168.858 2.6475
9 525.112 170.653 4.9765
0 525.112 170.653 2.6475
8 533.411 175.214 4.9765
0 533.411 175.214 2.6475
9 526.324 181.456 4.9765
0 526.324 181.456 2.6475
7 517.975 185.844 4.9765
0 517.975 185.844 2.6475
7 508.76 183.85 4.9765
0 508.76 183.85 2.6475
7 499.382 182.897 4.9765
0 499.382 182.897 2.6475
7 490.071 184.361 4.9765
0 490.071 184.361 2.6475
7 480.667 183.734 4.9765
0 480.667 183.734 2.6475
7 471.298 182.722 4.9765
0 471.298 182.722 2.6475
7 462.098 184.76 4.9765
0 462.098 184.76 2.6475
7 452.676 184.646 4.9765
0 452.676 184.646 2.6475
7 443.343 183.347 4.9765
0 443.343 183.347 2.6475
7 433.922 183.423 4.9765
0 433.922 183.423 2.6475
7 424.993 186.432 4.9765
0 424.993 186.432 2.6475
7 415.661 187.726 4.9765
