cells = zeros(781,4);
cells = [-1 505 505 505
3 581.026 421.085 9.953
0 581.026 421.085 5.295
3 591.953 437.723 9.953
0 591.953 437.723 5.295
3 584.507 456.184 9.953
0 584.507 456.184 5.295
3 582.254 475.962 9.953
0 582.254 475.962 5.295
3 622.038 417.35 9.953
0 622.038 417.35 5.295
3 611.557 434.272 9.953
0 611.557 434.272 5.295
3 607.423 456.225 9.953
0 607.423 456.225 5.295
3 641.446 421.775 9.953
0 641.446 421.775 5.295
3 650.843 439.323 9.953
0 650.843 439.323 5.295
3 630.944 438.784 9.953
0 630.944 438.784 5.295
3 627.216 458.337 9.953
0 627.216 458.337 5.295
3 666.167 426.618 9.953
0 666.167 426.618 5.295
3 670.063 446.139 9.953
0 670.063 446.139 5.295
3 689.533 450.28 9.953
0 689.533 450.28 5.295
3 589.93 494.327 9.953
0 589.93 494.327 5.295
3 612.01 475.731 9.953
0 612.01 475.731 5.295
3 628.034 488.313 9.953
0 628.034 488.313 5.295
3 654.738 458.843 9.953
0 654.738 458.843 5.295
3 640.713 472.968 9.953
0 640.713 472.968 5.295
3 672.848 467.106 9.953
0 672.848 467.106 5.295
3 658.771 481.345 9.953
0 658.771 481.345 5.295
3 692.548 469.956 9.953
0 692.548 469.956 5.295
3 609.749 496.18 9.953
0 609.749 496.18 5.295
3 625.888 508.24 9.953
0 625.888 508.24 5.295
0 645.752 497.386 9.953
0 645.752 497.386 5.295
3 643.741 517.19 9.953
0 643.741 517.19 5.295
3 679.428 485.893 9.953
0 679.428 485.893 5.295
0 665.473 500.088 9.953
0 665.473 500.088 5.295
3 699.677 488.542 9.953
0 699.677 488.542 5.295
3 685.789 505.071 9.953
0 685.789 505.071 5.295
3 600.519 513.816 9.953
0 600.519 513.816 5.295
3 618.556 526.746 9.953
0 618.556 526.746 5.295
3 636.121 536.112 9.953
0 636.121 536.112 5.295
3 669.804 519.517 9.953
0 669.804 519.517 5.295
3 655.885 533.747 9.953
0 655.885 533.747 5.295
3 708.183 506.539 9.953
0 708.183 506.539 5.295
3 725.213 520.741 9.953
0 725.213 520.741 5.295
3 707.999 530.736 9.953
0 707.999 530.736 5.295
3 688.833 525.36 9.953
0 688.833 525.36 5.295
3 599.909 533.712 9.953
0 599.909 533.712 5.295
3 583.344 544.751 9.953
0 583.344 544.751 5.295
3 613.46 548.293 9.953
0 613.46 548.293 5.295
3 636.934 571.37 9.953
0 636.934 571.37 5.295
3 645.76 553.528 9.953
0 645.76 553.528 5.295
3 665.352 557.049 9.953
0 665.352 557.049 5.295
3 656.526 574.891 9.953
0 656.526 574.891 5.295
3 646.332 591.989 9.953
0 646.332 591.989 5.295
3 676.214 577.826 9.953
0 676.214 577.826 5.295
3 694.302 586.136 9.953
0 694.302 586.136 5.295
3 674.914 539.59 9.953
0 674.914 539.59 5.295
3 693.951 546.223 9.953
0 693.951 546.223 5.295
3 692.269 566.057 9.953
0 692.269 566.057 5.295
7 80 235 4.9765
0 80 235 2.6475
7 80 244 4.9765
0 80 244 2.6475
7 80 253 4.9765
0 80 253 2.6475
7 80 262 4.9765
0 80 262 2.6475
7 80 271 4.9765
0 80 271 2.6475
7 80 280 4.9765
0 80 280 2.6475
7 80 289 4.9765
0 80 289 2.6475
7 80 298 4.9765
0 80 298 2.6475
7 80 307 4.9765
0 80 307 2.6475
7 80 316 4.9765
0 80 316 2.6475
7 80 325 4.9765
0 80 325 2.6475
7 80 334 4.9765
0 80 334 2.6475
7 80 343 4.9765
0 80 343 2.6475
7 80 352 4.9765
0 80 352 2.6475
7 80 361 4.9765
0 80 361 2.6475
7 80 370 4.9765
0 80 370 2.6475
7 80 379 4.9765
0 80 379 2.6475
7 80 388 4.9765
0 80 388 2.6475
7 80 397 4.9765
0 80 397 2.6475
7 80 406 4.9765
0 80 406 2.6475
7 80 415 4.9765
0 80 415 2.6475
7 80 424 4.9765
0 80 424 2.6475
7 80 433 4.9765
0 80 433 2.6475
7 80 442 4.9765
0 80 442 2.6475
7 80 451 4.9765
0 80 451 2.6475
7 80 460 4.9765
0 80 460 2.6475
7 80 469 4.9765
0 80 469 2.6475
7 80 478 4.9765
0 80 478 2.6475
7 80 487 4.9765
0 80 487 2.6475
7 80 496 4.9765
0 80 496 2.6475
7 80 505 4.9765
0 80 505 2.6475
7 80 514 4.9765
0 80 514 2.6475
7 80 523 4.9765
0 80 523 2.6475
7 80 532 4.9765
0 80 532 2.6475
7 80 541 4.9765
0 80 541 2.6475
7 80 550 4.9765
0 80 550 2.6475
7 80 559 4.9765
0 80 559 2.6475
7 80 568 4.9765
0 80 568 2.6475
7 80 577 4.9765
0 80 577 2.6475
7 80 586 4.9765
0 80 586 2.6475
7 80 595 4.9765
0 80 595 2.6475
7 80 604 4.9765
0 80 604 2.6475
7 80 613 4.9765
0 80 613 2.6475
7 80 622 4.9765
0 80 622 2.6475
7 80 631 4.9765
0 80 631 2.6475
7 80 640 4.9765
0 80 640 2.6475
7 80 649 4.9765
0 80 649 2.6475
7 80 658 4.9765
0 80 658 2.6475
7 80 667 4.9765
0 80 667 2.6475
7 80 676 4.9765
0 80 676 2.6475
7 80 685 4.9765
0 80 685 2.6475
7 80 694 4.9765
0 80 694 2.6475
7 80 703 4.9765
0 80 703 2.6475
7 80 712 4.9765
0 80 712 2.6475
7 80 721 4.9765
0 80 721 2.6475
7 80 730 4.9765
0 80 730 2.6475
7 80 739 4.9765
0 80 739 2.6475
7 80 748 4.9765
0 80 748 2.6475
7 80 757 4.9765
0 80 757 2.6475
7 80 766 4.9765
0 80 766 2.6475
7 80 775 4.9765
0 80 775 2.6475
7 100 208 4.9765
0 100 208 2.6475
7 100 217 4.9765
0 100 217 2.6475
7 100 226 4.9765
0 100 226 2.6475
7 100 235 4.9765
0 100 235 2.6475
7 100 244 4.9765
0 100 244 2.6475
7 100 253 4.9765
0 100 253 2.6475
7 100 262 4.9765
0 100 262 2.6475
7 100 271 4.9765
0 100 271 2.6475
7 100 280 4.9765
0 100 280 2.6475
7 100 289 4.9765
0 100 289 2.6475
7 100 298 4.9765
0 100 298 2.6475
7 109.262 299.761 4.9765
0 109.262 299.761 2.6475
7 112.894 308.469 4.9765
0 112.894 308.469 2.6475
7 118.681 300.998 4.9765
0 118.681 300.998 2.6475
7 122.239 309.68 4.9765
0 122.239 309.68 2.6475
7 128.02 302.267 4.9765
0 128.02 302.267 2.6475
7 137.54 302.226 4.9765
0 137.54 302.226 2.6475
7 146.815 300.428 4.9765
0 146.815 300.428 2.6475
7 155.91 297.763 4.9765
0 155.91 297.763 2.6475
7 164.644 294.254 4.9765
0 164.644 294.254 2.6475
7 173.12 290.102 4.9765
0 173.12 290.102 2.6475
7 181.305 285.484 4.9765
0 181.305 285.484 2.6475
7 189.291 280.528 4.9765
0 189.291 280.528 2.6475
7 197.152 275.315 4.9765
0 197.152 275.315 2.6475
7 204.858 269.956 4.9765
0 204.858 269.956 2.6475
7 212.541 264.422 4.9765
0 212.541 264.422 2.6475
7 220.103 258.85 4.9765
0 220.103 258.85 2.6475
7 227.726 253.207 4.9765
0 227.726 253.207 2.6475
7 235.331 247.715 4.9765
0 235.331 247.715 2.6475
7 243.165 242.365 4.9765
0 243.165 242.365 2.6475
7 251.108 237.404 4.9765
0 251.108 237.404 2.6475
7 259.122 232.363 4.9765
0 259.122 232.363 2.6475
7 267.963 229.209 4.9765
0 267.963 229.209 2.6475
7 272.408 220.885 4.9765
0 272.408 220.885 2.6475
9 281.834 220.679 4.9765
0 281.834 220.679 2.6475
8 291.283 220.316 4.9765
0 291.283 220.316 2.6475
9 288.435 229.325 4.9765
0 288.435 229.325 2.6475
7 285.512 238.293 4.9765
0 285.512 238.293 2.6475
7 276.119 239.037 4.9765
0 276.119 239.037 2.6475
7 268.763 244.932 4.9765
0 268.763 244.932 2.6475
7 260.257 248.973 4.9765
0 260.257 248.973 2.6475
7 251.894 253.332 4.9765
0 251.894 253.332 2.6475
7 243.731 258.019 4.9765
0 243.731 258.019 2.6475
7 237.03 264.657 4.9765
0 237.03 264.657 2.6475
7 229.488 270.289 4.9765
0 229.488 270.289 2.6475
7 222.236 276.317 4.9765
0 222.236 276.317 2.6475
7 214.478 281.649 4.9765
0 214.478 281.649 2.6475
7 207.062 287.472 4.9765
0 207.062 287.472 2.6475
7 199.342 292.86 4.9765
0 199.342 292.86 2.6475
7 192.348 299.182 4.9765
0 192.348 299.182 2.6475
7 186.005 306.138 4.9765
0 186.005 306.138 2.6475
7 177.31 309.776 4.9765
0 177.31 309.776 2.6475
7 184.806 315.487 4.9765
0 184.806 315.487 2.6475
7 194.225 315.431 4.9765
0 194.225 315.431 2.6475
7 203.561 316.715 4.9765
0 203.561 316.715 2.6475
7 212.968 316.236 4.9765
0 212.968 316.236 2.6475
7 222.353 315.37 4.9765
0 222.353 315.37 2.6475
7 231.713 314.324 4.9765
0 231.713 314.324 2.6475
7 241.076 313.234 4.9765
0 241.076 313.234 2.6475
7 250.436 312.189 4.9765
0 250.436 312.189 2.6475
7 259.819 311.274 4.9765
0 259.819 311.274 2.6475
7 269.209 310.553 4.9765
0 269.209 310.553 2.6475
7 278.626 310.08 4.9765
0 278.626 310.08 2.6475
7 288.041 309.893 4.9765
0 288.041 309.893 2.6475
7 297.47 310.001 4.9765
0 297.47 310.001 2.6475
7 306.879 310.397 4.9765
0 306.879 310.397 2.6475
7 316.283 311.076 4.9765
0 316.283 311.076 2.6475
7 325.657 311.991 4.9765
0 325.657 311.991 2.6475
7 335.033 312.979 4.9765
0 335.033 312.979 2.6475
7 344.421 313.744 4.9765
0 344.421 313.744 2.6475
7 353.839 314.147 4.9765
0 353.839 314.147 2.6475
7 363.259 314.246 4.9765
0 363.259 314.246 2.6475
7 372.68 313.934 4.9765
0 372.68 313.934 2.6475
7 382.094 313.558 4.9765
0 382.094 313.558 2.6475
7 391.507 314.027 4.9765
