cells = zeros(497,4);
cells = [-1 505 505 505
3 581.026 421.085 9.953
0 581.026 421.085 5.295
3 591.953 437.724 9.953
0 591.953 437.724 5.295
3 584.507 456.184 9.953
0 584.507 456.184 5.295
3 582.254 475.961 9.953
0 582.254 475.961 5.295
3 622.038 417.35 9.953
0 622.038 417.35 5.295
3 611.557 434.273 9.953
0 611.557 434.273 5.295
3 607.423 456.225 9.953
0 607.423 456.225 5.295
3 641.446 421.775 9.953
0 641.446 421.775 5.295
3 650.843 439.323 9.953
0 650.843 439.323 5.295
3 630.944 438.784 9.953
0 630.944 438.784 5.295
3 627.216 458.337 9.953
0 627.216 458.337 5.295
3 666.166 426.618 9.953
0 666.166 426.618 5.295
3 670.062 446.139 9.953
0 670.062 446.139 5.295
3 689.532 450.28 9.953
0 689.532 450.28 5.295
3 589.931 494.327 9.953
0 589.931 494.327 5.295
3 612.01 475.731 9.953
0 612.01 475.731 5.295
3 628.034 488.313 9.953
0 628.034 488.313 5.295
3 654.738 458.843 9.953
0 654.738 458.843 5.295
3 640.713 472.968 9.953
0 640.713 472.968 5.295
3 672.848 467.106 9.953
0 672.848 467.106 5.295
3 658.77 481.345 9.953
0 658.77 481.345 5.295
3 692.548 469.956 9.953
0 692.548 469.956 5.295
3 609.75 496.18 9.953
0 609.75 496.18 5.295
3 625.888 508.24 9.953
0 625.888 508.24 5.295
3 645.752 497.386 9.953
0 645.752 497.386 5.295
3 643.741 517.19 9.953
0 643.741 517.19 5.295
3 679.427 485.893 9.953
0 679.427 485.893 5.295
0 665.473 500.088 9.953
0 665.473 500.088 5.295
3 699.677 488.542 9.953
0 699.677 488.542 5.295
3 685.789 505.071 9.953
0 685.789 505.071 5.295
3 600.52 513.816 9.953
0 600.52 513.816 5.295
3 618.556 526.747 9.953
0 618.556 526.747 5.295
3 636.121 536.112 9.953
0 636.121 536.112 5.295
3 669.804 519.517 9.953
0 669.804 519.517 5.295
3 655.885 533.747 9.953
0 655.885 533.747 5.295
3 708.183 506.538 9.953
0 708.183 506.538 5.295
3 725.213 520.741 9.953
0 725.213 520.741 5.295
3 707.999 530.736 9.953
0 707.999 530.736 5.295
3 688.833 525.36 9.953
0 688.833 525.36 5.295
3 599.909 533.712 9.953
0 599.909 533.712 5.295
3 583.344 544.751 9.953
0 583.344 544.751 5.295
3 613.46 548.292 9.953
0 613.46 548.292 5.295
3 636.934 571.37 9.953
0 636.934 571.37 5.295
3 645.76 553.528 9.953
0 645.76 553.528 5.295
3 665.352 557.049 9.953
0 665.352 557.049 5.295
3 656.526 574.891 9.953
0 656.526 574.891 5.295
3 646.332 591.989 9.953
0 646.332 591.989 5.295
3 676.214 577.826 9.953
0 676.214 577.826 5.295
3 694.302 586.136 9.953
0 694.302 586.136 5.295
3 674.914 539.59 9.953
0 674.914 539.59 5.295
3 693.951 546.223 9.953
0 693.951 546.223 5.295
3 692.269 566.057 9.953
0 692.269 566.057 5.295
7 80 235 4.9765
0 80 235 2.6475
7 80 244 4.9765
0 80 244 2.6475
7 80 253 4.9765
0 80 253 2.6475
7 80 262 4.9765
0 80 262 2.6475
7 80 271 4.9765
0 80 271 2.6475
7 80 280 4.9765
0 80 280 2.6475
7 80 289 4.9765
0 80 289 2.6475
7 80 298 4.9765
0 80 298 2.6475
7 80 307 4.9765
0 80 307 2.6475
7 80 316 4.9765
0 80 316 2.6475
7 80 325 4.9765
0 80 325 2.6475
7 80 334 4.9765
0 80 334 2.6475
7 80 343 4.9765
0 80 343 2.6475
7 80 352 4.9765
0 80 352 2.6475
7 80 361 4.9765
0 80 361 2.6475
7 80 370 4.9765
0 80 370 2.6475
7 80 379 4.9765
0 80 379 2.6475
7 80 388 4.9765
0 80 388 2.6475
7 80 397 4.9765
0 80 397 2.6475
7 80 406 4.9765
0 80 406 2.6475
7 80 415 4.9765
0 80 415 2.6475
7 80 424 4.9765
0 80 424 2.6475
7 80 433 4.9765
0 80 433 2.6475
7 80 442 4.9765
0 80 442 2.6475
7 80 451 4.9765
0 80 451 2.6475
7 80 460 4.9765
0 80 460 2.6475
7 80 469 4.9765
0 80 469 2.6475
7 80 478 4.9765
0 80 478 2.6475
7 80 487 4.9765
0 80 487 2.6475
7 80 496 4.9765
0 80 496 2.6475
7 80 505 4.9765
0 80 505 2.6475
7 80 514 4.9765
0 80 514 2.6475
7 80 523 4.9765
0 80 523 2.6475
7 80 532 4.9765
0 80 532 2.6475
7 80 541 4.9765
0 80 541 2.6475
7 80 550 4.9765
0 80 550 2.6475
7 80 559 4.9765
0 80 559 2.6475
7 80 568 4.9765
0 80 568 2.6475
7 80 577 4.9765
0 80 577 2.6475
7 80 586 4.9765
0 80 586 2.6475
7 80 595 4.9765
0 80 595 2.6475
7 80 604 4.9765
0 80 604 2.6475
7 80 613 4.9765
0 80 613 2.6475
7 80 622 4.9765
0 80 622 2.6475
7 80 631 4.9765
0 80 631 2.6475
7 80 640 4.9765
0 80 640 2.6475
7 80 649 4.9765
0 80 649 2.6475
7 80 658 4.9765
0 80 658 2.6475
7 80 667 4.9765
0 80 667 2.6475
7 80 676 4.9765
0 80 676 2.6475
7 80 685 4.9765
0 80 685 2.6475
7 80 694 4.9765
0 80 694 2.6475
7 80 703 4.9765
0 80 703 2.6475
7 80 712 4.9765
0 80 712 2.6475
7 80 721 4.9765
0 80 721 2.6475
7 80 730 4.9765
0 80 730 2.6475
7 80 739 4.9765
0 80 739 2.6475
7 80 748 4.9765
0 80 748 2.6475
7 80 757 4.9765
0 80 757 2.6475
7 80 766 4.9765
0 80 766 2.6475
7 80 775 4.9765
0 80 775 2.6475
7 100 208 4.9765
0 100 208 2.6475
7 100 217 4.9765
0 100 217 2.6475
7 100 226 4.9765
0 100 226 2.6475
7 100 235 4.9765
0 100 235 2.6475
7 100 244 4.9765
0 100 244 2.6475
7 100 253 4.9765
0 100 253 2.6475
7 100 262 4.9765
0 100 262 2.6475
7 100 271 4.9765
0 100 271 2.6475
7 100 280 4.9765
0 100 280 2.6475
7 100 289 4.9765
0 100 289 2.6475
7 100 298 4.9765
0 100 298 2.6475
7 109.454 297.137 4.9765
0 109.454 297.137 2.6475
7 118.89 296.045 4.9765
0 118.89 296.045 2.6475
7 128.253 294.521 4.9765
0 128.253 294.521 2.6475
7 137.52 292.416 4.9765
0 137.52 292.416 2.6475
7 146.596 289.674 4.9765
0 146.596 289.674 2.6475
7 155.447 286.212 4.9765
0 155.447 286.212 2.6475
9 163.928 281.972 4.9765
0 163.928 281.972 2.6475
8 172.427 277.727 4.9765
0 172.427 277.727 2.6475
9 173.657 287.072 4.9765
0 173.657 287.072 2.6475
7 175.768 296.256 4.9765
0 175.768 296.256 2.6475
7 166.679 299.154 4.9765
0 166.679 299.154 2.6475
7 159.137 304.88 4.9765
0 159.137 304.88 2.6475
7 167.885 308.538 4.9765
0 167.885 308.538 2.6475
7 175.877 313.842 4.9765
0 175.877 313.842 2.6475
7 185.296 315.556 4.9765
0 185.296 315.556 2.6475
7 194.668 316.176 4.9765
0 194.668 316.176 2.6475
7 204.188 316.113 4.9765
0 204.188 316.113 2.6475
7 213.666 315.703 4.9765
0 213.666 315.703 2.6475
7 223.172 315.093 4.9765
0 223.172 315.093 2.6475
7 232.691 314.473 4.9765
0 232.691 314.473 2.6475
7 242.22 314.054 4.9765
0 242.22 314.054 2.6475
7 251.776 314.108 4.9765
0 251.776 314.108 2.6475
7 261.31 314.867 4.9765
0 261.31 314.867 2.6475
9 270.746 316.483 4.9765
0 270.746 316.483 2.6475
8 277.313 323.378 4.9765
0 277.313 323.378 2.6475
9 268.635 327.077 4.9765
0 268.635 327.077 2.6475
7 259.095 327.476 4.9765
0 259.095 327.476 2.6475
7 249.651 327.972 4.9765
0 249.651 327.972 2.6475
7 240.116 328.553 4.9765
0 240.116 328.553 2.6475
7 230.585 329.278 4.9765
0 230.585 329.278 2.6475
7 220.162 330.232 4.9765
0 220.162 330.232 2.6475
7 211.703 331.094 4.9765
0 211.703 331.094 2.6475
7 202.218 332.128 4.9765
0 202.218 332.128 2.6475
7 192.86 333.221 4.9765
0 192.86 333.221 2.6475
7 183.421 334.41 4.9765
0 183.421 334.41 2.6475
7 174.058 335.701 4.9765
0 174.058 335.701 2.6475
7 164.669 337.139 4.9765
0 164.669 337.139 2.6475
7 155.334 338.742 4.9765
0 155.334 338.742 2.6475
7 146.014 340.538 4.9765
0 146.014 340.538 2.6475
7 136.745 342.53 4.9765
0 136.745 342.53 2.6475
7 127.509 344.709 4.9765
0 127.509 344.709 2.6475
7 118.316 347.045 4.9765
0 118.316 347.045 2.6475
7 109.15 349.494 4.9765
0 109.15 349.494 2.6475
7 100 352 4.9765
0 100 352 2.6475
7 100 361 4.9765
0 100 361 2.6475
7 100 370 4.9765
0 100 370 2.6475
7 100 379 4.9765
0 100 379 2.6475
7 100 388 4.9765
0 100 388 2.6475
7 100 397 4.9765
0 100 397 2.6475
7 100 406 4.9765
0 100 406 2.6475
7 100 415 4.9765
0 100 415 2.6475
7 100 424 4.9765
0 100 424 2.6475
7 100 433 4.9765
0 100 433 2.6475
7 100 442 4.9765
0 100 442 2.6475
7 100 451 4.9765
0 100 451 2.6475
7 100 460 4.9765
0 100 460 2.6475
7 100 469 4.9765
0 100 469 2.6475
7 100 478 4.9765
0 100 478 2.6475
7 100 487 4.9765
0 100 487 2.6475
7 100 496 4.9765
0 100 496 2.6475
7 100 505 4.9765
0 100 505 2.6475
7 100 514 4.9765
0 100 514 2.6475
7 100 523 4.9765
0 100 523 2.6475
7 100 532 4.9765
0 100 532 2.6475
7 100 541 4.9765
0 100 541 2.6475
7 100 550 4.9765
0 100 550 2.6475
7 100 559 4.9765
0 100 559 2.6475
7 100 568 4.9765
0 100 568 2.6475
7 100 577 4.9765
0 100 577 2.6475
7 100 586 4.9765
0 100 586 2.6475
7 100 595 4.9765
0 100 595 2.6475
7 100 604 4.9765
0 100 604 2.6475
7 100 613 4.9765
0 100 613 2.6475
