cells = zeros(963,4);
cells = [-1 505 505 505
3 588.967 415.226 9.953
0 588.967 415.226 5.295
3 597.254 444.14 9.953
0 597.254 444.14 5.295
3 582.451 457.307 9.953
0 582.451 457.307 5.295
3 582.027 477.147 9.953
0 582.027 477.147 5.295
3 623.029 415.101 9.953
0 623.029 415.101 5.295
3 613.344 432.467 9.953
0 613.344 432.467 5.295
3 610.18 458.857 9.953
0 610.18 458.857 5.295
3 641.999 421.271 9.953
0 641.999 421.271 5.295
3 652.089 439.246 9.953
0 652.089 439.246 5.295
3 632.243 438.526 9.953
0 632.243 438.526 5.295
3 629.878 458.166 9.953
0 629.878 458.166 5.295
3 666.898 425.981 9.953
0 666.898 425.981 5.295
3 670.606 446.443 9.953
0 670.606 446.443 5.295
3 690.106 450.281 9.953
0 690.106 450.281 5.295
3 590.036 495.325 9.953
0 590.036 495.325 5.295
3 611.946 478.425 9.953
0 611.946 478.425 5.295
3 628.58 489.116 9.953
0 628.58 489.116 5.295
3 654.78 458.965 9.953
0 654.78 458.965 5.295
3 641.531 474.114 9.953
0 641.531 474.114 5.295
3 673.077 466.835 9.953
0 673.077 466.835 5.295
0 659.841 481.607 9.953
0 659.841 481.607 5.295
3 692.69 470 9.953
0 692.69 470 5.295
3 609.759 498.002 9.953
0 609.759 498.002 5.295
3 626.341 508.819 9.953
0 626.341 508.819 5.295
0 646.398 497.774 9.953
0 646.398 497.774 5.295
3 644.148 517.53 9.953
0 644.148 517.53 5.295
3 679.542 485.822 9.953
0 679.542 485.822 5.295
0 666.062 500.418 9.953
0 666.062 500.418 5.295
3 699.697 488.603 9.953
0 699.697 488.603 5.295
3 685.789 505.071 9.953
0 685.789 505.071 5.295
3 599.23 514.709 9.953
0 599.23 514.709 5.295
3 618.415 527.012 9.953
0 618.415 527.012 5.295
3 636.078 536.132 9.953
0 636.078 536.132 5.295
0 669.873 519.87 9.953
0 669.873 519.87 5.295
3 655.814 533.878 9.953
0 655.814 533.878 5.295
3 708.202 506.579 9.953
0 708.202 506.579 5.295
3 725.227 520.733 9.953
0 725.227 520.733 5.295
3 708.058 530.754 9.953
0 708.058 530.754 5.295
3 688.936 525.391 9.953
0 688.936 525.391 5.295
3 599.893 534.488 9.953
0 599.893 534.488 5.295
3 583.033 544.95 9.953
0 583.033 544.95 5.295
3 613.79 548.636 9.953
0 613.79 548.636 5.295
3 636.934 571.37 9.953
0 636.934 571.37 5.295
3 645.76 553.528 9.953
0 645.76 553.528 5.295
3 665.352 557.049 9.953
0 665.352 557.049 5.295
3 656.526 574.891 9.953
0 656.526 574.891 5.295
3 646.332 591.989 9.953
0 646.332 591.989 5.295
3 676.214 577.826 9.953
0 676.214 577.826 5.295
3 694.302 586.136 9.953
0 694.302 586.136 5.295
3 674.914 539.59 9.953
0 674.914 539.59 5.295
3 693.951 546.223 9.953
0 693.951 546.223 5.295
3 692.269 566.057 9.953
0 692.269 566.057 5.295
7 80 235 4.9765
0 80 235 2.6475
7 80 244 4.9765
0 80 244 2.6475
7 80 253 4.9765
0 80 253 2.6475
7 80 262 4.9765
0 80 262 2.6475
7 80 271 4.9765
0 80 271 2.6475
7 80 280 4.9765
0 80 280 2.6475
7 80 289 4.9765
0 80 289 2.6475
7 80 298 4.9765
0 80 298 2.6475
7 80 307 4.9765
0 80 307 2.6475
7 80 316 4.9765
0 80 316 2.6475
7 80 325 4.9765
0 80 325 2.6475
7 80 334 4.9765
0 80 334 2.6475
7 80 343 4.9765
0 80 343 2.6475
7 80 352 4.9765
0 80 352 2.6475
7 80 361 4.9765
0 80 361 2.6475
7 80 370 4.9765
0 80 370 2.6475
7 80 379 4.9765
0 80 379 2.6475
7 80 388 4.9765
0 80 388 2.6475
7 80 397 4.9765
0 80 397 2.6475
7 80 406 4.9765
0 80 406 2.6475
7 80 415 4.9765
0 80 415 2.6475
7 80 424 4.9765
0 80 424 2.6475
7 80 433 4.9765
0 80 433 2.6475
7 80 442 4.9765
0 80 442 2.6475
7 80 451 4.9765
0 80 451 2.6475
7 80 460 4.9765
0 80 460 2.6475
7 80 469 4.9765
0 80 469 2.6475
7 80 478 4.9765
0 80 478 2.6475
7 80 487 4.9765
0 80 487 2.6475
7 80 496 4.9765
0 80 496 2.6475
7 80 505 4.9765
0 80 505 2.6475
7 80 514 4.9765
0 80 514 2.6475
7 80 523 4.9765
0 80 523 2.6475
7 80 532 4.9765
0 80 532 2.6475
7 80 541 4.9765
0 80 541 2.6475
7 80 550 4.9765
0 80 550 2.6475
7 80 559 4.9765
0 80 559 2.6475
7 80 568 4.9765
0 80 568 2.6475
7 80 577 4.9765
0 80 577 2.6475
7 80 586 4.9765
0 80 586 2.6475
7 80 595 4.9765
0 80 595 2.6475
7 80 604 4.9765
0 80 604 2.6475
7 80 613 4.9765
0 80 613 2.6475
7 80 622 4.9765
0 80 622 2.6475
7 80 631 4.9765
0 80 631 2.6475
7 80 640 4.9765
0 80 640 2.6475
7 80 649 4.9765
0 80 649 2.6475
7 80 658 4.9765
0 80 658 2.6475
7 80 667 4.9765
0 80 667 2.6475
7 80 676 4.9765
0 80 676 2.6475
7 80 685 4.9765
0 80 685 2.6475
7 80 694 4.9765
0 80 694 2.6475
7 80 703 4.9765
0 80 703 2.6475
7 80 712 4.9765
0 80 712 2.6475
7 80 721 4.9765
0 80 721 2.6475
7 80 730 4.9765
0 80 730 2.6475
7 80 739 4.9765
0 80 739 2.6475
7 80 748 4.9765
0 80 748 2.6475
7 80 757 4.9765
0 80 757 2.6475
7 80 766 4.9765
0 80 766 2.6475
7 80 775 4.9765
0 80 775 2.6475
7 100 208 4.9765
0 100 208 2.6475
7 100 217 4.9765
0 100 217 2.6475
7 100 226 4.9765
0 100 226 2.6475
7 100 235 4.9765
0 100 235 2.6475
7 100 244 4.9765
0 100 244 2.6475
7 100 253 4.9765
0 100 253 2.6475
7 100 262 4.9765
0 100 262 2.6475
7 100 271 4.9765
0 100 271 2.6475
7 100 280 4.9765
0 100 280 2.6475
7 100 289 4.9765
0 100 289 2.6475
7 100 298 4.9765
0 100 298 2.6475
7 108.287 293.482 4.9765
0 108.287 293.482 2.6475
7 116.75 289.299 4.9765
0 116.75 289.299 2.6475
7 125.209 285.11 4.9765
0 125.209 285.11 2.6475
7 133.662 280.909 4.9765
0 133.662 280.909 2.6475
7 142.107 276.691 4.9765
0 142.107 276.691 2.6475
7 150.54 272.45 4.9765
0 150.54 272.45 2.6475
7 158.96 268.183 4.9765
0 158.96 268.183 2.6475
7 167.365 263.886 4.9765
0 167.365 263.886 2.6475
7 175.754 259.558 4.9765
0 175.754 259.558 2.6475
7 184.127 255.199 4.9765
0 184.127 255.199 2.6475
7 192.485 250.811 4.9765
0 192.485 250.811 2.6475
7 200.829 246.398 4.9765
0 200.829 246.398 2.6475
7 209.162 241.964 4.9765
0 209.162 241.964 2.6475
7 217.488 237.515 4.9765
0 217.488 237.515 2.6475
7 225.809 233.058 4.9765
0 225.809 233.058 2.6475
7 234.13 228.601 4.9765
0 234.13 228.601 2.6475
7 242.454 224.149 4.9765
0 242.454 224.149 2.6475
7 250.783 219.708 4.9765
0 250.783 219.708 2.6475
7 259.12 215.28 4.9765
0 259.12 215.28 2.6475
7 267.463 210.864 4.9765
0 267.463 210.864 2.6475
7 275.809 206.453 4.9765
0 275.809 206.453 2.6475
7 284.152 202.038 4.9765
0 284.152 202.038 2.6475
7 292.486 197.604 4.9765
0 292.486 197.604 2.6475
7 300.801 193.136 4.9765
0 300.801 193.136 2.6475
7 309.09 188.621 4.9765
0 309.09 188.621 2.6475
7 317.353 184.057 4.9765
0 317.353 184.057 2.6475
7 325.591 179.449 4.9765
0 325.591 179.449 2.6475
7 333.816 174.816 4.9765
0 333.816 174.816 2.6475
7 340.659 181.291 4.9765
0 340.659 181.291 2.6475
7 342.855 172.13 4.9765
0 342.855 172.13 2.6475
7 352.08 170.18 4.9765
0 352.08 170.18 2.6475
7 361.087 167.387 4.9765
0 361.087 167.387 2.6475
7 370.181 164.894 4.9765
0 370.181 164.894 2.6475
7 379.244 162.286 4.9765
0 379.244 162.286 2.6475
7 388.3 159.656 4.9765
0 388.3 159.656 2.6475
7 397.36 157.036 4.9765
0 397.36 157.036 2.6475
7 406.411 154.381 4.9765
0 406.411 154.381 2.6475
7 415.53 151.969 4.9765
0 415.53 151.969 2.6475
7 424.511 149.081 4.9765
0 424.511 149.081 2.6475
7 433.886 148.022 4.9765
0 433.886 148.022 2.6475
7 442.434 144.022 4.9765
0 442.434 144.022 2.6475
9 451.874 144.254 4.9765
0 451.874 144.254 2.6475
8 461.239 142.979 4.9765
0 461.239 142.979 2.6475
7 251.489 233.897 4.9765
0 251.489 233.897 2.6475
7 245.186 240.897 4.9765
0 245.186 240.897 2.6475
7 240.992 249.336 4.9765
0 240.992 249.336 2.6475
7 235.782 241.488 4.9765
0 235.782 241.488 2.6475
7 231.593 249.923 4.9765
0 231.593 249.923 2.6475
7 222.371 251.878 4.9765
0 222.371 251.878 2.6475
7 217.179 259.739 4.9765
0 217.179 259.739 2.6475
7 208.563 263.569 4.9765
0 208.563 263.569 2.6475
7 201.673 270.005 4.9765
0 201.673 270.005 2.6475
7 195.512 277.148 4.9765
0 195.512 277.148 2.6475
7 187.413 281.98 4.9765
0 187.413 281.98 2.6475
7 189.185 291.26 4.9765
0 189.185 291.26 2.6475
7 190.46 300.63 4.9765
0 190.46 300.63 2.6475
7 189.179 309.977 4.9765
0 189.179 309.977 2.6475
7 197.922 306.443 4.9765
0 197.922 306.443 2.6475
7 207.1 308.775 4.9765
0 207.1 308.775 2.6475
7 216.481 310.155 4.9765
0 216.481 310.155 2.6475
7 225.9 311.239 4.9765
0 225.9 311.239 2.6475
7 235.365 311.867 4.9765
0 235.365 311.867 2.6475
7 244.838 312.104 4.9765
0 244.838 312.104 2.6475
7 254.319 311.979 4.9765
0 254.319 311.979 2.6475
