cells = zeros(381,4);
cells = [-1 505 505 505
3 581.028 421.088 9.953
0 581.028 421.088 5.295
3 591.955 437.725 9.953
0 591.955 437.725 5.295
3 584.508 456.184 9.953
0 584.508 456.184 5.295
3 582.255 475.961 9.953
0 582.255 475.961 5.295
3 622.039 417.352 9.953
0 622.039 417.352 5.295
3 611.557 434.273 9.953
0 611.557 434.273 5.295
3 607.425 456.225 9.953
0 607.425 456.225 5.295
3 641.446 421.778 9.953
0 641.446 421.778 5.295
3 650.84 439.326 9.953
0 650.84 439.326 5.295
3 630.944 438.785 9.953
0 630.944 438.785 5.295
3 627.217 458.338 9.953
0 627.217 458.338 5.295
3 666.163 426.622 9.953
0 666.163 426.622 5.295
3 670.061 446.142 9.953
0 670.061 446.142 5.295
3 689.53 450.282 9.953
0 689.53 450.282 5.295
3 589.937 494.323 9.953
0 589.937 494.323 5.295
3 612.01 475.731 9.953
0 612.01 475.731 5.295
3 628.036 488.312 9.953
0 628.036 488.312 5.295
3 654.737 458.845 9.953
0 654.737 458.845 5.295
3 640.713 472.968 9.953
0 640.713 472.968 5.295
3 672.845 467.106 9.953
0 672.845 467.106 5.295
3 658.769 481.346 9.953
0 658.769 481.346 5.295
3 692.545 469.957 9.953
0 692.545 469.957 5.295
3 609.754 496.18 9.953
0 609.754 496.18 5.295
3 625.887 508.241 9.953
0 625.887 508.241 5.295
3 645.751 497.385 9.953
0 645.751 497.385 5.295
3 643.741 517.188 9.953
0 643.741 517.188 5.295
3 679.423 485.893 9.953
0 679.423 485.893 5.295
3 665.471 500.089 9.953
0 665.471 500.089 5.295
3 699.677 488.54 9.953
0 699.677 488.54 5.295
3 685.789 505.071 9.953
0 685.789 505.071 5.295
3 600.524 513.814 9.953
0 600.524 513.814 5.295
3 618.558 526.748 9.953
0 618.558 526.748 5.295
3 636.123 536.111 9.953
0 636.123 536.111 5.295
3 669.805 519.515 9.953
0 669.805 519.515 5.295
3 655.886 533.744 9.953
0 655.886 533.744 5.295
3 708.182 506.536 9.953
0 708.182 506.536 5.295
3 725.211 520.742 9.953
0 725.211 520.742 5.295
3 707.996 530.735 9.953
0 707.996 530.735 5.295
3 688.831 525.36 9.953
0 688.831 525.36 5.295
3 599.91 533.709 9.953
0 599.91 533.709 5.295
3 583.347 544.749 9.953
0 583.347 544.749 5.295
3 613.459 548.291 9.953
0 613.459 548.291 5.295
3 636.935 571.37 9.953
0 636.935 571.37 5.295
3 645.76 553.527 9.953
0 645.76 553.527 5.295
3 665.351 557.048 9.953
0 665.351 557.048 5.295
3 656.526 574.89 9.953
0 656.526 574.89 5.295
3 646.333 591.987 9.953
0 646.333 591.987 5.295
3 676.214 577.825 9.953
0 676.214 577.825 5.295
3 694.302 586.136 9.953
0 694.302 586.136 5.295
3 674.913 539.591 9.953
0 674.913 539.591 5.295
3 693.951 546.223 9.953
0 693.951 546.223 5.295
3 692.269 566.057 9.953
0 692.269 566.057 5.295
7 80 235 4.9765
0 80 235 2.6475
7 80 244 4.9765
0 80 244 2.6475
7 80 253 4.9765
0 80 253 2.6475
7 80 262 4.9765
0 80 262 2.6475
7 80 271 4.9765
0 80 271 2.6475
7 80 280 4.9765
0 80 280 2.6475
7 80 289 4.9765
0 80 289 2.6475
7 80 298 4.9765
0 80 298 2.6475
7 80 307 4.9765
0 80 307 2.6475
7 80 316 4.9765
0 80 316 2.6475
7 80 325 4.9765
0 80 325 2.6475
7 80 334 4.9765
0 80 334 2.6475
7 80 343 4.9765
0 80 343 2.6475
7 80 352 4.9765
0 80 352 2.6475
7 80 361 4.9765
0 80 361 2.6475
7 80 370 4.9765
0 80 370 2.6475
7 80 379 4.9765
0 80 379 2.6475
7 80 388 4.9765
0 80 388 2.6475
7 80 397 4.9765
0 80 397 2.6475
7 80 406 4.9765
0 80 406 2.6475
7 80 415 4.9765
0 80 415 2.6475
7 80 424 4.9765
0 80 424 2.6475
7 80 433 4.9765
0 80 433 2.6475
7 80 442 4.9765
0 80 442 2.6475
7 80 451 4.9765
0 80 451 2.6475
7 80 460 4.9765
0 80 460 2.6475
7 80 469 4.9765
0 80 469 2.6475
7 80 478 4.9765
0 80 478 2.6475
7 80 487 4.9765
0 80 487 2.6475
7 80 496 4.9765
0 80 496 2.6475
7 80 505 4.9765
0 80 505 2.6475
7 80 514 4.9765
0 80 514 2.6475
7 80 523 4.9765
0 80 523 2.6475
7 80 532 4.9765
0 80 532 2.6475
7 80 541 4.9765
0 80 541 2.6475
7 80 550 4.9765
0 80 550 2.6475
7 80 559 4.9765
0 80 559 2.6475
7 80 568 4.9765
0 80 568 2.6475
7 80 577 4.9765
0 80 577 2.6475
7 80 586 4.9765
0 80 586 2.6475
7 80 595 4.9765
0 80 595 2.6475
7 80 604 4.9765
0 80 604 2.6475
7 80 613 4.9765
0 80 613 2.6475
7 80 622 4.9765
0 80 622 2.6475
7 80 631 4.9765
0 80 631 2.6475
7 80 640 4.9765
0 80 640 2.6475
7 80 649 4.9765
0 80 649 2.6475
7 80 658 4.9765
0 80 658 2.6475
7 80 667 4.9765
0 80 667 2.6475
7 80 676 4.9765
0 80 676 2.6475
7 80 685 4.9765
0 80 685 2.6475
7 80 694 4.9765
0 80 694 2.6475
7 80 703 4.9765
0 80 703 2.6475
7 80 712 4.9765
0 80 712 2.6475
7 80 721 4.9765
0 80 721 2.6475
7 80 730 4.9765
0 80 730 2.6475
7 80 739 4.9765
0 80 739 2.6475
7 80 748 4.9765
0 80 748 2.6475
7 80 757 4.9765
0 80 757 2.6475
7 80 766 4.9765
0 80 766 2.6475
7 80 775 4.9765
0 80 775 2.6475
7 100 208 4.9765
0 100 208 2.6475
7 100 217 4.9765
0 100 217 2.6475
7 100 226 4.9765
0 100 226 2.6475
7 100 235 4.9765
0 100 235 2.6475
7 100 244 4.9765
0 100 244 2.6475
7 100 253 4.9765
0 100 253 2.6475
7 100 262 4.9765
0 100 262 2.6475
7 100 271 4.9765
0 100 271 2.6475
7 100 280 4.9765
0 100 280 2.6475
7 100 289 4.9765
0 100 289 2.6475
7 100 298 4.9765
0 100 298 2.6475
7 100 307 4.9765
0 100 307 2.6475
7 100 316 4.9765
0 100 316 2.6475
7 100 325 4.9765
0 100 325 2.6475
7 100 334 4.9765
0 100 334 2.6475
7 100 343 4.9765
0 100 343 2.6475
7 100 352 4.9765
0 100 352 2.6475
7 100 361 4.9765
0 100 361 2.6475
7 100 370 4.9765
0 100 370 2.6475
7 100 379 4.9765
0 100 379 2.6475
7 100 388 4.9765
0 100 388 2.6475
7 100 397 4.9765
0 100 397 2.6475
7 100 406 4.9765
0 100 406 2.6475
7 100 415 4.9765
0 100 415 2.6475
7 100 424 4.9765
0 100 424 2.6475
7 100 433 4.9765
0 100 433 2.6475
7 100 442 4.9765
0 100 442 2.6475
7 100 451 4.9765
0 100 451 2.6475
7 100 460 4.9765
0 100 460 2.6475
7 100 469 4.9765
0 100 469 2.6475
7 100 478 4.9765
0 100 478 2.6475
7 100 487 4.9765
0 100 487 2.6475
7 100 496 4.9765
0 100 496 2.6475
7 100 505 4.9765
0 100 505 2.6475
7 100 514 4.9765
0 100 514 2.6475
7 100 523 4.9765
0 100 523 2.6475
7 100 532 4.9765
0 100 532 2.6475
7 100 541 4.9765
0 100 541 2.6475
7 100 550 4.9765
0 100 550 2.6475
7 100 559 4.9765
0 100 559 2.6475
7 100 568 4.9765
0 100 568 2.6475
7 100 577 4.9765
0 100 577 2.6475
7 100 586 4.9765
0 100 586 2.6475
7 100 595 4.9765
0 100 595 2.6475
7 100 604 4.9765
0 100 604 2.6475
7 100 613 4.9765
0 100 613 2.6475
7 100 622 4.9765
0 100 622 2.6475
7 100 631 4.9765
0 100 631 2.6475
7 100 640 4.9765
0 100 640 2.6475
7 100 649 4.9765
0 100 649 2.6475
7 100 658 4.9765
0 100 658 2.6475
7 100 667 4.9765
0 100 667 2.6475
7 100 676 4.9765
0 100 676 2.6475
7 100 685 4.9765
0 100 685 2.6475
7 100 694 4.9765
0 100 694 2.6475
7 100 703 4.9765
0 100 703 2.6475
7 100 712 4.9765
0 100 712 2.6475
7 100 721 4.9765
0 100 721 2.6475
7 100 730 4.9765
0 100 730 2.6475
7 100 739 4.9765
0 100 739 2.6475
7 100 748 4.9765
0 100 748 2.6475
7 100 757 4.9765
0 100 757 2.6475
7 100 766 4.9765
0 100 766 2.6475
7 100 775 4.9765
0 100 775 2.6475
7 100 784 4.9765
0 100 784 2.6475
7 100 793 4.9765
0 100 793 2.6475
7 100 802 4.9765
0 100 802 2.6475
16 662.142 366.626 9.953
0 662.142 366.626 5.295
16 562.703 479.695 9.953
0 562.703 479.695 5.295
16 512.443 399.389 9.953
0 512.443 399.389 5.295
16 477.539 625.207 9.953
0 477.539 625.207 5.295
16 582.296 567.435 9.953
0 582.296 567.435 5.295
16 573.735 317.016 9.953
0 573.735 317.016 5.295
16 762.831 396.072 9.953
0 762.831 396.072 5.295
16 714.766 549.454 9.953
0 714.766 549.454 5.295
16 576.407 515.699 9.953
0 576.407 515.699 5.295
16 624.322 387.128 9.953
0 624.322 387.128 5.295
];