cells = zeros(1343,4);
cells = [-1 505 505 505
3 591.77 409.196 9.953
0 591.77 409.196 5.295
3 596.277 459.103 9.953
0 596.277 459.103 5.295
3 575.943 453.11 9.953
0 575.943 453.11 5.295
3 578.615 472.83 9.953
0 578.615 472.83 5.295
3 637.084 398.55 9.953
0 637.084 398.55 5.295
3 621.346 421.602 9.953
0 621.346 421.602 5.295
3 620.522 465.354 9.953
0 620.522 465.354 5.295
3 654.852 407.496 9.953
0 654.852 407.496 5.295
3 660.837 428.789 9.953
0 660.837 428.789 5.295
3 641.202 422.916 9.953
0 641.202 422.916 5.295
3 640.311 471.024 9.953
0 640.311 471.024 5.295
3 675.491 415.05 9.953
0 675.491 415.05 5.295
3 685.633 432.178 9.953
0 685.633 432.178 5.295
3 708.654 437.757 9.953
0 708.654 437.757 5.295
3 587.064 490.848 9.953
0 587.064 490.848 5.295
3 602.345 478.049 9.953
0 602.345 478.049 5.295
3 621.834 485.195 9.953
0 621.834 485.195 5.295
3 673.278 477.692 9.953
0 673.278 477.692 5.295
3 638.418 496.169 9.953
0 638.418 496.169 5.295
3 708.623 487.25 9.953
0 708.623 487.25 5.295
0 654.703 484.761 9.953
0 654.703 484.761 5.295
3 794.58 476.756 9.953
0 794.58 476.756 5.295
3 606.25 497.553 9.953
0 606.25 497.553 5.295
3 624.186 510.067 9.953
0 624.186 510.067 5.295
0 652.076 510.627 9.953
0 652.076 510.627 5.295
0 638.589 525.248 9.953
0 638.589 525.248 5.295
3 688.932 489.94 9.953
0 688.932 489.94 5.295
0 670.481 497.381 9.953
0 670.481 497.381 5.295
3 730.112 498.072 9.953
0 730.112 498.072 5.295
0 690.58 509.762 9.953
0 690.58 509.762 5.295
3 605.342 517.42 9.953
0 605.342 517.42 5.295
3 619.631 531.253 9.953
0 619.631 531.253 5.295
3 633.296 545.703 9.953
0 633.296 545.703 5.295
0 670.823 517.278 9.953
0 670.823 517.278 5.295
3 656.918 532.985 9.953
0 656.918 532.985 5.295
3 712.048 506.814 9.953
0 712.048 506.814 5.295
3 734.105 517.572 9.953
0 734.105 517.572 5.295
3 731.536 538.411 9.953
0 731.536 538.411 5.295
3 715.721 526.348 9.953
0 715.721 526.348 5.295
3 602.088 540.618 9.953
0 602.088 540.618 5.295
3 588.288 554.939 9.953
0 588.288 554.939 5.295
3 614.966 555.806 9.953
0 614.966 555.806 5.295
3 632.312 565.574 9.953
0 632.312 565.574 5.295
3 651.993 552.498 9.953
0 651.993 552.498 5.295
3 680.936 565.8 9.953
0 680.936 565.8 5.295
3 658.769 583.486 9.953
0 658.769 583.486 5.295
3 642.995 595.606 9.953
0 642.995 595.606 5.295
3 672.452 597.88 9.953
0 672.452 597.88 5.295
3 703.103 599.765 9.953
0 703.103 599.765 5.295
3 687.633 547.059 9.953
0 687.633 547.059 5.295
3 718.946 574.339 9.953
0 718.946 574.339 5.295
3 688.441 586.317 9.953
0 688.441 586.317 5.295
7 80 235 4.9765
0 80 235 2.6475
7 80 244 4.9765
0 80 244 2.6475
7 80 253 4.9765
0 80 253 2.6475
7 80 262 4.9765
0 80 262 2.6475
7 80 271 4.9765
0 80 271 2.6475
7 80 280 4.9765
0 80 280 2.6475
7 80 289 4.9765
0 80 289 2.6475
7 80 298 4.9765
0 80 298 2.6475
7 80 307 4.9765
0 80 307 2.6475
7 80 316 4.9765
0 80 316 2.6475
7 80 325 4.9765
0 80 325 2.6475
7 80 334 4.9765
0 80 334 2.6475
7 80 343 4.9765
0 80 343 2.6475
7 80 352 4.9765
0 80 352 2.6475
7 80 361 4.9765
0 80 361 2.6475
7 80 370 4.9765
0 80 370 2.6475
7 80 379 4.9765
0 80 379 2.6475
7 80 388 4.9765
0 80 388 2.6475
7 80 397 4.9765
0 80 397 2.6475
7 80 406 4.9765
0 80 406 2.6475
7 80 415 4.9765
0 80 415 2.6475
7 80 424 4.9765
0 80 424 2.6475
7 80 433 4.9765
0 80 433 2.6475
7 80 442 4.9765
0 80 442 2.6475
7 80 451 4.9765
0 80 451 2.6475
7 80 460 4.9765
0 80 460 2.6475
7 80 469 4.9765
0 80 469 2.6475
7 80 478 4.9765
0 80 478 2.6475
7 80 487 4.9765
0 80 487 2.6475
7 80 496 4.9765
0 80 496 2.6475
7 80 505 4.9765
0 80 505 2.6475
7 80 514 4.9765
0 80 514 2.6475
7 80 523 4.9765
0 80 523 2.6475
7 80 532 4.9765
0 80 532 2.6475
7 80 541 4.9765
0 80 541 2.6475
7 80 550 4.9765
0 80 550 2.6475
7 80 559 4.9765
0 80 559 2.6475
7 80 568 4.9765
0 80 568 2.6475
7 80 577 4.9765
0 80 577 2.6475
7 80 586 4.9765
0 80 586 2.6475
7 80 595 4.9765
0 80 595 2.6475
7 80 604 4.9765
0 80 604 2.6475
7 80 613 4.9765
0 80 613 2.6475
7 80 622 4.9765
0 80 622 2.6475
7 80 631 4.9765
0 80 631 2.6475
7 80 640 4.9765
0 80 640 2.6475
7 80 649 4.9765
0 80 649 2.6475
7 80 658 4.9765
0 80 658 2.6475
7 80 667 4.9765
0 80 667 2.6475
7 80 676 4.9765
0 80 676 2.6475
7 80 685 4.9765
0 80 685 2.6475
7 80 694 4.9765
0 80 694 2.6475
7 80 703 4.9765
0 80 703 2.6475
7 80 712 4.9765
0 80 712 2.6475
7 80 721 4.9765
0 80 721 2.6475
7 80 730 4.9765
0 80 730 2.6475
7 80 739 4.9765
0 80 739 2.6475
7 80 748 4.9765
0 80 748 2.6475
7 80 757 4.9765
0 80 757 2.6475
7 80 766 4.9765
0 80 766 2.6475
7 80 775 4.9765
0 80 775 2.6475
7 100 208 4.9765
0 100 208 2.6475
7 100 217 4.9765
0 100 217 2.6475
7 100 226 4.9765
0 100 226 2.6475
7 100 235 4.9765
0 100 235 2.6475
7 100 244 4.9765
0 100 244 2.6475
7 100 253 4.9765
0 100 253 2.6475
7 100 262 4.9765
0 100 262 2.6475
7 100 271 4.9765
0 100 271 2.6475
7 100 280 4.9765
0 100 280 2.6475
7 100 289 4.9765
0 100 289 2.6475
7 100 298 4.9765
0 100 298 2.6475
7 108.287 293.482 4.9765
0 108.287 293.482 2.6475
7 116.686 289.176 4.9765
0 116.686 289.176 2.6475
7 125.085 284.869 4.9765
0 125.085 284.869 2.6475
7 133.483 280.558 4.9765
0 133.483 280.558 2.6475
7 141.878 276.244 4.9765
0 141.878 276.244 2.6475
7 150.27 271.925 4.9765
0 150.27 271.925 2.6475
7 158.66 267.599 4.9765
0 158.66 267.599 2.6475
7 167.045 263.266 4.9765
0 167.045 263.266 2.6475
7 175.427 258.925 4.9765
0 175.427 258.925 2.6475
7 183.803 254.575 4.9765
0 183.803 254.575 2.6475
7 192.175 250.216 4.9765
0 192.175 250.216 2.6475
7 200.542 245.848 4.9765
0 200.542 245.848 2.6475
7 208.904 241.469 4.9765
0 208.904 241.469 2.6475
7 217.261 237.081 4.9765
0 217.261 237.081 2.6475
7 225.612 232.682 4.9765
0 225.612 232.682 2.6475
7 233.959 228.274 4.9765
0 233.959 228.274 2.6475
7 242.3 223.857 4.9765
0 242.3 223.857 2.6475
7 250.637 219.43 4.9765
0 250.637 219.43 2.6475
7 258.969 214.995 4.9765
0 258.969 214.995 2.6475
7 267.297 210.552 4.9765
0 267.297 210.552 2.6475
7 275.621 206.102 4.9765
0 275.621 206.102 2.6475
7 283.941 201.646 4.9765
0 283.941 201.646 2.6475
7 292.259 197.183 4.9765
0 292.259 197.183 2.6475
7 300.573 192.716 4.9765
0 300.573 192.716 2.6475
7 308.886 188.244 4.9765
0 308.886 188.244 2.6475
7 317.197 183.77 4.9765
0 317.197 183.77 2.6475
7 325.507 179.294 4.9765
0 325.507 179.294 2.6475
7 333.816 174.816 4.9765
0 333.816 174.816 2.6475
7 340.387 181.567 4.9765
0 340.387 181.567 2.6475
7 342.951 172.501 4.9765
0 342.951 172.501 2.6475
7 352.116 170.307 4.9765
0 352.116 170.307 2.6475
7 361.293 168.165 4.9765
0 361.293 168.165 2.6475
7 370.484 166.081 4.9765
0 370.484 166.081 2.6475
7 379.693 164.08 4.9765
0 379.693 164.08 2.6475
7 388.926 162.193 4.9765
0 388.926 162.193 2.6475
7 398.186 160.445 4.9765
0 398.186 160.445 2.6475
7 407.473 158.847 4.9765
0 407.473 158.847 2.6475
7 416.785 157.397 4.9765
0 416.785 157.397 2.6475
7 426.116 156.079 4.9765
0 426.116 156.079 2.6475
7 435.46 154.858 4.9765
0 435.46 154.858 2.6475
7 444.811 153.688 4.9765
0 444.811 153.688 2.6475
7 448.664 145.091 4.9765
0 448.664 145.091 2.6475
7 454.24 152.685 4.9765
0 454.24 152.685 2.6475
7 463.669 151.693 4.9765
0 463.669 151.693 2.6475
7 473.1 150.712 4.9765
0 473.1 150.712 2.6475
7 482.531 149.74 4.9765
0 482.531 149.74 2.6475
7 491.963 148.774 4.9765
0 491.963 148.774 2.6475
7 501.395 147.808 4.9765
0 501.395 147.808 2.6475
7 510.826 146.832 4.9765
0 510.826 146.832 2.6475
7 520.256 145.839 4.9765
0 520.256 145.839 2.6475
7 529.682 144.822 4.9765
0 529.682 144.822 2.6475
7 539.106 143.778 4.9765
0 539.106 143.778 2.6475
7 548.527 142.713 4.9765
0 548.527 142.713 2.6475
7 557.947 141.636 4.9765
0 557.947 141.636 2.6475
7 559.731 150.886 4.9765
0 559.731 150.886 2.6475
7 566.872 144.742 4.9765
0 566.872 144.742 2.6475
7 575.792 147.862 4.9765
0 575.792 147.862 2.6475
7 584.806 150.702 4.9765
0 584.806 150.702 2.6475
7 593.843 153.468 4.9765
0 593.843 153.468 2.6475
7 602.881 156.231 4.9765
0 602.881 156.231 2.6475
7 611.89 159.088 4.9765
0 611.89 159.088 2.6475
7 620.833 162.148 4.9765
0 620.833 162.148 2.6475
7 629.699 165.427 4.9765
0 629.699 165.427 2.6475
7 638.364 169.207 4.9765
