cells = zeros(1159,4);
cells = [-1 505 505 505
3 591.713 409.577 9.953
0 591.713 409.577 5.295
3 596.729 463.398 9.953
0 596.729 463.398 5.295
3 577.429 458.579 9.953
0 577.429 458.579 5.295
3 581.813 478.237 9.953
0 581.813 478.237 5.295
3 629.531 403.734 9.953
0 629.531 403.734 5.295
3 618.415 420.247 9.953
0 618.415 420.247 5.295
3 621.221 469.993 9.953
0 621.221 469.993 5.295
3 650.576 406.437 9.953
0 650.576 406.437 5.295
3 660.837 428.789 9.953
0 660.837 428.789 5.295
3 639.373 422.891 9.953
0 639.373 422.891 5.295
3 643.498 474.303 9.953
0 643.498 474.303 5.295
3 675.928 415.809 9.953
0 675.928 415.809 5.295
3 685.446 433.482 9.953
0 685.446 433.482 5.295
3 700.952 447.038 9.953
0 700.952 447.038 5.295
3 588.354 497.394 9.953
0 588.354 497.394 5.295
3 601.699 482.649 9.953
0 601.699 482.649 5.295
3 620.219 489.853 9.953
0 620.219 489.853 5.295
3 674.89 479.375 9.953
0 674.89 479.375 5.295
3 639.019 496.256 9.953
0 639.019 496.256 5.295
3 700.043 473.803 9.953
0 700.043 473.803 5.295
0 657.314 488.589 9.953
0 657.314 488.589 5.295
3 719.404 469.601 9.953
0 719.404 469.601 5.295
3 606.887 504.601 9.953
0 606.887 504.601 5.295
3 625.711 510.98 9.953
0 625.711 510.98 5.295
0 653.226 510.56 9.953
0 653.226 510.56 5.295
0 639.668 525.158 9.953
0 639.668 525.158 5.295
3 690.77 491.242 9.953
0 690.77 491.242 5.295
0 672.314 501.593 9.953
0 672.314 501.593 5.295
3 711.656 489.792 9.953
0 711.656 489.792 5.295
0 691.628 510.975 9.953
0 691.628 510.975 5.295
3 592.983 518.81 9.953
0 592.983 518.81 5.295
3 616.882 528.762 9.953
0 616.882 528.762 5.295
3 630.651 543.09 9.953
0 630.651 543.09 5.295
0 673.421 521.395 9.953
0 673.421 521.395 5.295
3 657.633 533.711 9.953
0 657.633 533.711 5.295
3 711.685 509.606 9.953
0 711.685 509.606 5.295
3 728.624 520.068 9.953
0 728.624 520.068 5.295
3 712.966 532.299 9.953
0 712.966 532.299 5.295
3 693.184 530.671 9.953
0 693.184 530.671 5.295
3 599.156 537.722 9.953
0 599.156 537.722 5.295
3 581.073 545.963 9.953
0 581.073 545.963 5.295
3 612.944 552.171 9.953
0 612.944 552.171 5.295
3 632.298 562.983 9.953
0 632.298 562.983 5.295
3 648.675 551.48 9.953
0 648.675 551.48 5.295
3 671.42 560.183 9.953
0 671.42 560.183 5.295
3 661.967 581.395 9.953
0 661.967 581.395 5.295
3 646.371 593.596 9.953
0 646.371 593.596 5.295
3 681.739 582.281 9.953
0 681.739 582.281 5.295
3 700.42 588.981 9.953
0 700.42 588.981 5.295
3 676.277 541.004 9.953
0 676.277 541.004 5.295
3 698.51 549.723 9.953
0 698.51 549.723 5.295
3 696.849 569.453 9.953
0 696.849 569.453 5.295
7 80 235 4.9765
0 80 235 2.6475
7 80 244 4.9765
0 80 244 2.6475
7 80 253 4.9765
0 80 253 2.6475
7 80 262 4.9765
0 80 262 2.6475
7 80 271 4.9765
0 80 271 2.6475
7 80 280 4.9765
0 80 280 2.6475
7 80 289 4.9765
0 80 289 2.6475
7 80 298 4.9765
0 80 298 2.6475
7 80 307 4.9765
0 80 307 2.6475
7 80 316 4.9765
0 80 316 2.6475
7 80 325 4.9765
0 80 325 2.6475
7 80 334 4.9765
0 80 334 2.6475
7 80 343 4.9765
0 80 343 2.6475
7 80 352 4.9765
0 80 352 2.6475
7 80 361 4.9765
0 80 361 2.6475
7 80 370 4.9765
0 80 370 2.6475
7 80 379 4.9765
0 80 379 2.6475
7 80 388 4.9765
0 80 388 2.6475
7 80 397 4.9765
0 80 397 2.6475
7 80 406 4.9765
0 80 406 2.6475
7 80 415 4.9765
0 80 415 2.6475
7 80 424 4.9765
0 80 424 2.6475
7 80 433 4.9765
0 80 433 2.6475
7 80 442 4.9765
0 80 442 2.6475
7 80 451 4.9765
0 80 451 2.6475
7 80 460 4.9765
0 80 460 2.6475
7 80 469 4.9765
0 80 469 2.6475
7 80 478 4.9765
0 80 478 2.6475
7 80 487 4.9765
0 80 487 2.6475
7 80 496 4.9765
0 80 496 2.6475
7 80 505 4.9765
0 80 505 2.6475
7 80 514 4.9765
0 80 514 2.6475
7 80 523 4.9765
0 80 523 2.6475
7 80 532 4.9765
0 80 532 2.6475
7 80 541 4.9765
0 80 541 2.6475
7 80 550 4.9765
0 80 550 2.6475
7 80 559 4.9765
0 80 559 2.6475
7 80 568 4.9765
0 80 568 2.6475
7 80 577 4.9765
0 80 577 2.6475
7 80 586 4.9765
0 80 586 2.6475
7 80 595 4.9765
0 80 595 2.6475
7 80 604 4.9765
0 80 604 2.6475
7 80 613 4.9765
0 80 613 2.6475
7 80 622 4.9765
0 80 622 2.6475
7 80 631 4.9765
0 80 631 2.6475
7 80 640 4.9765
0 80 640 2.6475
7 80 649 4.9765
0 80 649 2.6475
7 80 658 4.9765
0 80 658 2.6475
7 80 667 4.9765
0 80 667 2.6475
7 80 676 4.9765
0 80 676 2.6475
7 80 685 4.9765
0 80 685 2.6475
7 80 694 4.9765
0 80 694 2.6475
7 80 703 4.9765
0 80 703 2.6475
7 80 712 4.9765
0 80 712 2.6475
7 80 721 4.9765
0 80 721 2.6475
7 80 730 4.9765
0 80 730 2.6475
7 80 739 4.9765
0 80 739 2.6475
7 80 748 4.9765
0 80 748 2.6475
7 80 757 4.9765
0 80 757 2.6475
7 80 766 4.9765
0 80 766 2.6475
7 80 775 4.9765
0 80 775 2.6475
7 100 208 4.9765
0 100 208 2.6475
7 100 217 4.9765
0 100 217 2.6475
7 100 226 4.9765
0 100 226 2.6475
7 100 235 4.9765
0 100 235 2.6475
7 100 244 4.9765
0 100 244 2.6475
7 100 253 4.9765
0 100 253 2.6475
7 100 262 4.9765
0 100 262 2.6475
7 100 271 4.9765
0 100 271 2.6475
7 100 280 4.9765
0 100 280 2.6475
7 100 289 4.9765
0 100 289 2.6475
7 100 298 4.9765
0 100 298 2.6475
7 108.287 293.482 4.9765
0 108.287 293.482 2.6475
7 116.706 289.214 4.9765
0 116.706 289.214 2.6475
7 125.124 284.943 4.9765
0 125.124 284.943 2.6475
7 133.539 280.667 4.9765
0 133.539 280.667 2.6475
7 141.95 276.384 4.9765
0 141.95 276.384 2.6475
7 150.357 272.092 4.9765
0 150.357 272.092 2.6475
7 158.758 267.788 4.9765
0 158.758 267.788 2.6475
7 167.153 263.473 4.9765
0 167.153 263.473 2.6475
7 175.541 259.145 4.9765
0 175.541 259.145 2.6475
7 183.922 254.804 4.9765
0 183.922 254.804 2.6475
7 192.297 250.449 4.9765
0 192.297 250.449 2.6475
7 200.664 246.08 4.9765
0 200.664 246.08 2.6475
7 209.025 241.699 4.9765
0 209.025 241.699 2.6475
7 217.379 237.305 4.9765
0 217.379 237.305 2.6475
7 225.727 232.9 4.9765
0 225.727 232.9 2.6475
7 234.069 228.484 4.9765
0 234.069 228.484 2.6475
7 242.405 224.057 4.9765
0 242.405 224.057 2.6475
7 250.737 219.62 4.9765
0 250.737 219.62 2.6475
7 259.063 215.173 4.9765
0 259.063 215.173 2.6475
7 267.384 210.717 4.9765
0 267.384 210.717 2.6475
7 275.7 206.253 4.9765
0 275.7 206.253 2.6475
7 284.012 201.78 4.9765
0 284.012 201.78 2.6475
7 292.32 197.299 4.9765
0 292.32 197.299 2.6475
7 300.624 192.812 4.9765
0 300.624 192.812 2.6475
7 308.925 188.318 4.9765
0 308.925 188.318 2.6475
7 317.224 183.82 4.9765
0 317.224 183.82 2.6475
7 325.52 179.319 4.9765
0 325.52 179.319 2.6475
7 333.816 174.816 4.9765
0 333.816 174.816 2.6475
7 340.428 181.528 4.9765
0 340.428 181.528 2.6475
7 342.946 172.449 4.9765
0 342.946 172.449 2.6475
7 352.088 170.132 4.9765
0 352.088 170.132 2.6475
7 361.241 167.857 4.9765
0 361.241 167.857 2.6475
7 370.409 165.641 4.9765
0 370.409 165.641 2.6475
7 379.596 163.509 4.9765
0 379.596 163.509 2.6475
7 388.81 161.493 4.9765
0 388.81 161.493 2.6475
7 398.057 159.637 4.9765
0 398.057 159.637 2.6475
7 407.343 157.986 4.9765
0 407.343 157.986 2.6475
7 416.668 156.579 4.9765
0 416.668 156.579 2.6475
7 426.029 155.427 4.9765
0 426.029 155.427 2.6475
7 435.414 154.494 4.9765
0 435.414 154.494 2.6475
7 444.811 153.688 4.9765
0 444.811 153.688 2.6475
7 447.23 144.583 4.9765
0 447.23 144.583 2.6475
7 453.925 151.211 4.9765
0 453.925 151.211 2.6475
7 462.994 148.571 4.9765
0 462.994 148.571 2.6475
7 472.252 146.704 4.9765
0 472.252 146.704 2.6475
7 481.554 145.065 4.9765
0 481.554 145.065 2.6475
7 490.919 143.829 4.9765
0 490.919 143.829 2.6475
7 500.326 142.957 4.9765
0 500.326 142.957 2.6475
7 509.756 142.387 4.9765
0 509.756 142.387 2.6475
7 519.202 142.151 4.9765
0 519.202 142.151 2.6475
7 528.65 141.972 4.9765
0 528.65 141.972 2.6475
7 538.088 142.475 4.9765
0 538.088 142.475 2.6475
7 547.54 142.435 4.9765
0 547.54 142.435 2.6475
9 556.933 143.518 4.9765
0 556.933 143.518 2.6475
8 566.318 144.678 4.9765
0 566.318 144.678 2.6475
7 251.297 233.986 4.9765
0 251.297 233.986 2.6475
7 244.967 240.972 4.9765
0 244.967 240.972 2.6475
7 240.878 249.45 4.9765
0 240.878 249.45 2.6475
7 235.577 241.653 4.9765
0 235.577 241.653 2.6475
7 231.46 250.147 4.9765
0 231.46 250.147 2.6475
7 222.24 251.965 4.9765
0 222.24 251.965 2.6475
7 216.985 259.801 4.9765
0 216.985 259.801 2.6475
7 208.513 263.894 4.9765
0 208.513 263.894 2.6475
7 201.562 270.271 4.9765
