cells = zeros(2079,4);
cells = [-1 505 505 505
3 525.351 281.855 9.953
0 525.351 281.855 5.295
3 505.497 282.038 9.953
0 505.497 282.038 5.295
3 544.205 288.566 9.953
0 544.205 288.566 5.295
3 509.322 301.457 9.953
0 509.322 301.457 5.295
3 529.074 301.276 9.953
0 529.074 301.276 5.295
3 543.482 314.783 9.953
0 543.482 314.783 5.295
3 546.162 334.34 9.953
0 546.162 334.34 5.295
3 558.67 302.114 9.953
0 558.67 302.114 5.295
3 562.478 321.589 9.953
0 562.478 321.589 5.295
3 588.689 280.686 9.953
0 588.689 280.686 5.295
3 595.241 299.411 9.953
0 595.241 299.411 5.295
3 577.752 308.865 9.953
0 577.752 308.865 5.295
3 581.452 328.414 9.953
0 581.452 328.414 5.295
3 519.793 318.74 9.953
0 519.793 318.74 5.295
3 506.897 339.446 9.953
0 506.897 339.446 5.295
3 526.547 337.311 9.953
0 526.547 337.311 5.295
3 538.894 352.705 9.953
0 538.894 352.705 5.295
3 564.687 341.305 9.953
0 564.687 341.305 5.295
3 601.686 318.18 9.953
0 601.686 318.18 5.295
3 599.145 337.859 9.953
0 599.145 337.859 5.295
3 618.644 334.253 9.953
0 618.644 334.253 5.295
3 618.422 354.102 9.953
0 618.422 354.102 5.295
3 582.867 349.171 9.953
0 582.867 349.171 5.295
3 558.429 360.115 9.953
0 558.429 360.115 5.295
3 519.245 357.448 9.953
0 519.245 357.448 5.295
3 523.44 377.561 9.953
0 523.44 377.561 5.295
3 542.592 372.047 9.953
0 542.592 372.047 5.295
0 579.898 370.931 5.295
0 579.898 370.931 0
3 560.784 379.814 9.953
0 560.784 379.814 5.295
0 599.185 363.781 8.81359
0 599.185 363.781 2.94488
0 596.03 382.022 5.295
0 596.03 382.022 0
0 619.287 379.532 5.295
0 619.287 379.532 0
0 588.318 395.561 5.295
0 588.318 395.561 0
3 636.818 344.205 9.953
0 636.818 344.205 5.295
3 653.231 355.407 9.953
0 653.231 355.407 5.295
0 635.256 369.93 10.6768
0 635.256 369.93 4.80808
0 608.308 395.25 5.295
0 608.308 395.25 0
0 650.446 380.787 5.295
0 650.446 380.787 0
0 630.354 407.323 5.295
0 630.354 407.323 0
0 633.016 389.637 5.295
0 633.016 389.637 0
0 616.415 419.559 5.295
0 616.415 419.559 0
0 560.488 444.469 5.295
0 560.488 444.469 0
0 562.641 462.888 5.295
0 562.641 462.888 0
0 594.992 466.254 5.295
0 594.992 466.254 0
0 574.601 474.386 5.295
0 574.601 474.386 0
3 558.315 481.822 9.953
0 558.315 481.822 5.295
3 531.593 502.843 9.953
0 531.593 502.843 5.295
3 573.858 494.29 9.953
0 573.858 494.29 5.295
0 583.603 452.578 5.295
0 583.603 452.578 0
0 601.993 450.178 5.295
0 601.993 450.178 0
0 610.237 473.484 5.295
0 610.237 473.484 0
0 595.576 484.276 5.295
0 595.576 484.276 0
0 618.469 457.573 5.295
0 618.469 457.573 0
0 612.151 493.373 5.295
0 612.151 493.373 0
0 594.993 502.827 5.295
0 594.993 502.827 0
3 492.086 404.41 9.953
0 492.086 404.41 5.295
3 498.368 429.672 9.953
0 498.368 429.672 5.295
0 517.594 437.919 5.295
0 517.594 437.919 0
0 498.916 454.283 5.295
0 498.916 454.283 0
3 482.288 440.973 9.953
0 482.288 440.973 5.295
3 464.096 433.078 9.953
0 464.096 433.078 5.295
3 448.28 444.981 9.953
0 448.28 444.981 5.295
3 444.806 425.905 9.953
0 444.806 425.905 5.295
3 429.523 438.58 9.953
0 429.523 438.58 5.295
3 430.773 459.32 9.953
0 430.773 459.32 5.295
3 509.582 413.507 9.953
0 509.582 413.507 5.295
3 532.103 422.493 9.953
0 532.103 422.493 5.295
0 538.554 443.054 5.295
0 538.554 443.054 0
0 545.721 467.865 5.295
0 545.721 467.865 0
0 523.945 455.025 5.295
0 523.945 455.025 0
3 481.165 466.066 9.953
0 481.165 466.066 5.295
1 377.756 365.739 9.953
0 377.756 365.739 5.295
3 383.378 384.536 9.953
0 383.378 384.536 5.295
1 335.825 373.346 9.953
0 335.825 373.346 5.295
1 339.484 392.817 9.953
0 339.484 392.817 5.295
3 398.86 372.135 9.953
0 398.86 372.135 5.295
3 406.195 390.541 9.953
0 406.195 390.541 5.295
3 390.559 402.809 9.953
0 390.559 402.809 5.295
3 425.403 395.446 9.953
0 425.403 395.446 5.295
3 441.68 406.726 9.953
0 441.68 406.726 5.295
3 408.785 410.204 9.953
0 408.785 410.204 5.295
3 426.35 419.047 9.953
0 426.35 419.047 5.295
3 473.167 398.844 9.953
0 473.167 398.844 5.295
3 460.255 413.685 9.953
0 460.255 413.685 5.295
3 479.317 419.667 9.953
0 479.317 419.667 5.295
1 354.673 380.219 9.953
0 354.673 380.219 5.295
3 367.011 395.699 9.953
0 367.011 395.699 5.295
3 347.639 410.762 9.953
0 347.639 410.762 5.295
3 374.36 414.057 9.953
0 374.36 414.057 5.295
3 392.229 422.498 9.953
0 392.229 422.498 5.295
3 377.075 435.224 9.953
0 377.075 435.224 5.295
3 359.256 426.692 9.953
0 359.256 426.692 5.295
5 317.778 373.027 8.12659
0 317.778 373.027 4.32335
5 322.083 388.535 8.12659
0 322.083 388.535 4.32335
1 318.428 406.021 9.953
0 318.428 406.021 5.295
1 330.838 421.258 9.953
0 330.838 421.258 5.295
1 342.501 437.054 9.953
0 342.501 437.054 5.295
3 359.775 446.444 9.953
0 359.775 446.444 5.295
3 377.006 455.903 9.953
0 377.006 455.903 5.295
3 410.269 430.409 9.953
0 410.269 430.409 5.295
3 413.282 449.867 9.953
0 413.282 449.867 5.295
3 393.952 445.565 9.953
0 393.952 445.565 5.295
3 394.209 465.45 9.953
0 394.209 465.45 5.295
3 466.545 452.725 9.953
0 466.545 452.725 5.295
3 450.64 464.22 9.953
0 450.64 464.22 5.295
3 413.477 469.528 9.953
0 413.477 469.528 5.295
3 421.909 487.248 9.953
0 421.909 487.248 5.295
3 440.258 480.651 9.953
0 440.258 480.651 5.295
3 444.914 499.627 9.953
0 444.914 499.627 5.295
3 518.724 470.255 9.953
0 518.724 470.255 5.295
3 535.425 483.348 9.953
0 535.425 483.348 5.295
3 516.753 489.911 9.953
0 516.753 489.911 5.295
3 499.08 474.565 9.953
0 499.08 474.565 5.295
3 497.601 494.334 9.953
0 497.601 494.334 5.295
3 460.776 480.894 9.953
0 460.776 480.894 5.295
3 464.503 500.093 9.953
0 464.503 500.093 5.295
3 479.827 485.849 9.953
0 479.827 485.849 5.295
3 482.688 507.209 9.953
0 482.688 507.209 5.295
3 501.169 513.796 9.953
0 501.169 513.796 5.295
3 671.212 333.524 9.953
0 671.212 333.524 5.295
3 691.873 334.744 9.953
0 691.873 334.744 5.295
3 681.086 351.465 9.953
0 681.086 351.465 5.295
3 668.907 367.608 9.953
0 668.907 367.608 5.295
0 651.273 399.29 5.295
0 651.273 399.29 0
0 648.237 417.097 5.295
0 648.237 417.097 0
0 632.116 429.383 5.295
0 632.116 429.383 0
0 647.432 439.888 5.295
0 647.432 439.888 0
0 647.419 501.595 5.295
0 647.419 501.595 0
3 685.917 315.761 9.953
0 685.917 315.761 5.295
3 710.872 340.66 9.953
0 710.872 340.66 5.295
3 699.837 358.32 9.953
0 699.837 358.32 5.295
0 677.304 429.186 5.295
0 677.304 429.186 0
0 658.853 431.078 5.295
0 658.853 431.078 0
0 677.165 447.854 5.295
0 677.165 447.854 0
3 687.691 374.071 9.953
0 687.691 374.071 5.295
0 667.301 389.077 5.295
0 667.301 389.077 0
0 665.244 412.663 5.295
0 665.244 412.663 0
0 659.107 456.777 5.295
0 659.107 456.777 0
0 665.746 492.428 5.295
0 665.746 492.428 0
3 714.793 389.391 9.953
0 714.793 389.391 5.295
0 680.804 402.493 5.295
0 680.804 402.493 0
3 694.342 441.963 9.953
0 694.342 441.963 5.295
0 678.202 464.26 5.295
0 678.202 464.26 0
3 736.279 362.964 9.953
0 736.279 362.964 5.295
3 742.633 400.021 9.953
0 742.633 400.021 5.295
3 733.377 382.51 9.953
0 733.377 382.51 5.295
3 732.549 417.126 9.953
0 732.549 417.126 5.295
3 714.294 409.245 9.953
0 714.294 409.245 5.295
0 631.522 485.006 5.295
0 631.522 485.006 0
0 632.202 502.339 9.953
0 632.202 502.339 5.295
0 625.937 521.2 9.953
0 625.937 521.2 5.295
0 705.324 499.113 5.295
0 705.324 499.113 0
0 662.216 510.344 9.953
0 662.216 510.344 5.295
3 724.702 487.961 9.953
0 724.702 487.961 5.295
0 682.444 495.726 9.953
0 682.444 495.726 5.295
3 798.679 471.949 9.953
0 798.679 471.949 5.295
3 606.08 521.545 9.953
0 606.08 521.545 5.295
0 645.809 521.577 9.953
0 645.809 521.577 5.295
0 670.285 528.607 9.953
0 670.285 528.607 5.295
0 613.222 540.218 9.953
0 613.222 540.218 5.295
3 704.138 522.125 9.953
0 704.138 522.125 5.295
0 685.198 515.433 9.953
0 685.198 515.433 5.295
3 739.688 501.045 9.953
0 739.688 501.045 5.295
3 757.54 509.834 9.953
0 757.54 509.834 5.295
0 710.524 540.978 9.953
0 710.524 540.978 5.295
3 590.359 533.673 9.953
0 590.359 533.673 5.295
3 597.69 576.668 9.953
0 597.69 576.668 5.295
3 620.472 568.445 9.953
0 620.472 568.445 5.295
0 689.509 535.623 9.953
0 689.509 535.623 5.295
3 633.058 539.747 9.953
0 633.058 539.747 5.295
