cells = zeros(627,4);
cells = [-1 505 505 505
3 581.026 421.085 9.953
0 581.026 421.085 5.295
3 591.953 437.723 9.953
0 591.953 437.723 5.295
3 584.507 456.184 9.953
0 584.507 456.184 5.295
3 582.254 475.962 9.953
0 582.254 475.962 5.295
3 622.038 417.35 9.953
0 622.038 417.35 5.295
3 611.557 434.272 9.953
0 611.557 434.272 5.295
3 607.423 456.225 9.953
0 607.423 456.225 5.295
3 641.446 421.775 9.953
0 641.446 421.775 5.295
3 650.843 439.323 9.953
0 650.843 439.323 5.295
3 630.944 438.784 9.953
0 630.944 438.784 5.295
3 627.216 458.337 9.953
0 627.216 458.337 5.295
3 666.167 426.618 9.953
0 666.167 426.618 5.295
3 670.063 446.139 9.953
0 670.063 446.139 5.295
3 689.533 450.28 9.953
0 689.533 450.28 5.295
3 589.93 494.327 9.953
0 589.93 494.327 5.295
3 612.01 475.731 9.953
0 612.01 475.731 5.295
3 628.034 488.313 9.953
0 628.034 488.313 5.295
3 654.738 458.843 9.953
0 654.738 458.843 5.295
3 640.713 472.968 9.953
0 640.713 472.968 5.295
3 672.848 467.106 9.953
0 672.848 467.106 5.295
3 658.771 481.345 9.953
0 658.771 481.345 5.295
3 692.548 469.956 9.953
0 692.548 469.956 5.295
3 609.749 496.18 9.953
0 609.749 496.18 5.295
3 625.888 508.24 9.953
0 625.888 508.24 5.295
0 645.752 497.386 9.953
0 645.752 497.386 5.295
3 643.741 517.19 9.953
0 643.741 517.19 5.295
3 679.428 485.893 9.953
0 679.428 485.893 5.295
0 665.473 500.088 9.953
0 665.473 500.088 5.295
3 699.677 488.542 9.953
0 699.677 488.542 5.295
3 685.789 505.071 9.953
0 685.789 505.071 5.295
3 600.519 513.816 9.953
0 600.519 513.816 5.295
3 618.556 526.746 9.953
0 618.556 526.746 5.295
3 636.121 536.112 9.953
0 636.121 536.112 5.295
3 669.804 519.517 9.953
0 669.804 519.517 5.295
3 655.885 533.747 9.953
0 655.885 533.747 5.295
3 708.183 506.539 9.953
0 708.183 506.539 5.295
3 725.213 520.741 9.953
0 725.213 520.741 5.295
3 707.999 530.736 9.953
0 707.999 530.736 5.295
3 688.833 525.36 9.953
0 688.833 525.36 5.295
3 599.909 533.712 9.953
0 599.909 533.712 5.295
3 583.344 544.751 9.953
0 583.344 544.751 5.295
3 613.46 548.293 9.953
0 613.46 548.293 5.295
3 636.934 571.37 9.953
0 636.934 571.37 5.295
3 645.76 553.528 9.953
0 645.76 553.528 5.295
3 665.352 557.049 9.953
0 665.352 557.049 5.295
3 656.526 574.891 9.953
0 656.526 574.891 5.295
3 646.332 591.989 9.953
0 646.332 591.989 5.295
3 676.214 577.826 9.953
0 676.214 577.826 5.295
3 694.302 586.136 9.953
0 694.302 586.136 5.295
3 674.914 539.59 9.953
0 674.914 539.59 5.295
3 693.951 546.223 9.953
0 693.951 546.223 5.295
3 692.269 566.057 9.953
0 692.269 566.057 5.295
7 80 235 4.9765
0 80 235 2.6475
7 80 244 4.9765
0 80 244 2.6475
7 80 253 4.9765
0 80 253 2.6475
7 80 262 4.9765
0 80 262 2.6475
7 80 271 4.9765
0 80 271 2.6475
7 80 280 4.9765
0 80 280 2.6475
7 80 289 4.9765
0 80 289 2.6475
7 80 298 4.9765
0 80 298 2.6475
7 80 307 4.9765
0 80 307 2.6475
7 80 316 4.9765
0 80 316 2.6475
7 80 325 4.9765
0 80 325 2.6475
7 80 334 4.9765
0 80 334 2.6475
7 80 343 4.9765
0 80 343 2.6475
7 80 352 4.9765
0 80 352 2.6475
7 80 361 4.9765
0 80 361 2.6475
7 80 370 4.9765
0 80 370 2.6475
7 80 379 4.9765
0 80 379 2.6475
7 80 388 4.9765
0 80 388 2.6475
7 80 397 4.9765
0 80 397 2.6475
7 80 406 4.9765
0 80 406 2.6475
7 80 415 4.9765
0 80 415 2.6475
7 80 424 4.9765
0 80 424 2.6475
7 80 433 4.9765
0 80 433 2.6475
7 80 442 4.9765
0 80 442 2.6475
7 80 451 4.9765
0 80 451 2.6475
7 80 460 4.9765
0 80 460 2.6475
7 80 469 4.9765
0 80 469 2.6475
7 80 478 4.9765
0 80 478 2.6475
7 80 487 4.9765
0 80 487 2.6475
7 80 496 4.9765
0 80 496 2.6475
7 80 505 4.9765
0 80 505 2.6475
7 80 514 4.9765
0 80 514 2.6475
7 80 523 4.9765
0 80 523 2.6475
7 80 532 4.9765
0 80 532 2.6475
7 80 541 4.9765
0 80 541 2.6475
7 80 550 4.9765
0 80 550 2.6475
7 80 559 4.9765
0 80 559 2.6475
7 80 568 4.9765
0 80 568 2.6475
7 80 577 4.9765
0 80 577 2.6475
7 80 586 4.9765
0 80 586 2.6475
7 80 595 4.9765
0 80 595 2.6475
7 80 604 4.9765
0 80 604 2.6475
7 80 613 4.9765
0 80 613 2.6475
7 80 622 4.9765
0 80 622 2.6475
7 80 631 4.9765
0 80 631 2.6475
7 80 640 4.9765
0 80 640 2.6475
7 80 649 4.9765
0 80 649 2.6475
7 80 658 4.9765
0 80 658 2.6475
7 80 667 4.9765
0 80 667 2.6475
7 80 676 4.9765
0 80 676 2.6475
7 80 685 4.9765
0 80 685 2.6475
7 80 694 4.9765
0 80 694 2.6475
7 80 703 4.9765
0 80 703 2.6475
7 80 712 4.9765
0 80 712 2.6475
7 80 721 4.9765
0 80 721 2.6475
7 80 730 4.9765
0 80 730 2.6475
7 80 739 4.9765
0 80 739 2.6475
7 80 748 4.9765
0 80 748 2.6475
7 80 757 4.9765
0 80 757 2.6475
7 80 766 4.9765
0 80 766 2.6475
7 80 775 4.9765
0 80 775 2.6475
7 100 208 4.9765
0 100 208 2.6475
7 100 217 4.9765
0 100 217 2.6475
7 100 226 4.9765
0 100 226 2.6475
7 100 235 4.9765
0 100 235 2.6475
7 100 244 4.9765
0 100 244 2.6475
7 100 253 4.9765
0 100 253 2.6475
7 100 262 4.9765
0 100 262 2.6475
7 100 271 4.9765
0 100 271 2.6475
7 100 280 4.9765
0 100 280 2.6475
7 100 289 4.9765
0 100 289 2.6475
7 100 298 4.9765
0 100 298 2.6475
7 107.684 293.814 4.9765
0 107.684 293.814 2.6475
7 117.429 289.602 4.9765
0 117.429 289.602 2.6475
7 125.366 286.72 4.9765
0 125.366 286.72 2.6475
7 134.711 282.856 4.9765
0 134.711 282.856 2.6475
7 143.119 279.346 4.9765
0 143.119 279.346 2.6475
7 151.828 275.513 4.9765
0 151.828 275.513 2.6475
7 160.425 271.512 4.9765
0 160.425 271.512 2.6475
7 168.937 267.313 4.9765
0 168.937 267.313 2.6475
7 177.299 262.949 4.9765
0 177.299 262.949 2.6475
7 185.63 258.37 4.9765
0 185.63 258.37 2.6475
7 193.764 253.693 4.9765
0 193.764 253.693 2.6475
7 201.95 248.833 4.9765
0 201.95 248.833 2.6475
7 209.914 243.925 4.9765
0 209.914 243.925 2.6475
7 218.079 239.077 4.9765
0 218.079 239.077 2.6475
7 225.78 233.721 4.9765
0 225.78 233.721 2.6475
7 234.532 230.159 4.9765
0 234.532 230.159 2.6475
7 240.657 223.011 4.9765
0 240.657 223.011 2.6475
9 250.069 222.446 4.9765
0 250.069 222.446 2.6475
9 255.458 214.705 4.9765
0 255.458 214.705 2.6475
8 264.087 210.863 4.9765
0 264.087 210.863 2.6475
7 254.106 232.64 4.9765
0 254.106 232.64 2.6475
7 247.07 238.904 4.9765
0 247.07 238.904 2.6475
7 244.339 247.921 4.9765
0 244.339 247.921 2.6475
7 237.897 241.047 4.9765
0 237.897 241.047 2.6475
7 231.296 247.768 4.9765
0 231.296 247.768 2.6475
7 223.13 252.463 4.9765
0 223.13 252.463 2.6475
7 215.87 258.465 4.9765
0 215.87 258.465 2.6475
7 208.419 264.228 4.9765
0 208.419 264.228 2.6475
7 200.976 270 4.9765
0 200.976 270 2.6475
7 193.808 276.112 4.9765
0 193.808 276.112 2.6475
7 186.436 281.975 4.9765
0 186.436 281.975 2.6475
7 181.187 289.797 4.9765
0 181.187 289.797 2.6475
7 174.305 296.229 4.9765
0 174.305 296.229 2.6475
7 166.735 301.835 4.9765
0 166.735 301.835 2.6475
7 175.379 305.59 4.9765
0 175.379 305.59 2.6475
7 183.626 310.153 4.9765
0 183.626 310.153 2.6475
7 192.616 312.992 4.9765
0 192.616 312.992 2.6475
7 201.959 314.267 4.9765
0 201.959 314.267 2.6475
7 211.376 314.789 4.9765
0 211.376 314.789 2.6475
7 220.807 314.984 4.9765
0 220.807 314.984 2.6475
7 230.241 315.079 4.9765
0 230.241 315.079 2.6475
7 239.675 315.236 4.9765
0 239.675 315.236 2.6475
7 249.106 315.562 4.9765
0 249.106 315.562 2.6475
7 258.524 316.141 4.9765
0 258.524 316.141 2.6475
7 267.919 317.03 4.9765
0 267.919 317.03 2.6475
7 277.274 318.261 4.9765
0 277.274 318.261 2.6475
7 286.577 319.841 4.9765
0 286.577 319.841 2.6475
7 295.816 321.751 4.9765
0 295.816 321.751 2.6475
7 304.988 323.959 4.9765
0 304.988 323.959 2.6475
7 314.095 326.418 4.9765
0 314.095 326.418 2.6475
7 323.142 329.083 4.9765
0 323.142 329.083 2.6475
7 332.139 331.909 4.9765
0 332.139 331.909 2.6475
7 341.09 334.872 4.9765
0 341.09 334.872 2.6475
7 349.975 338.023 4.9765
0 349.975 338.023 2.6475
7 358.904 341.043 4.9765
0 358.904 341.043 2.6475
7 366.937 345.97 4.9765
0 366.937 345.97 2.6475
7 375.97 343.286 4.9765
0 375.97 343.286 2.6475
9 380.955 351.295 4.9765
0 380.955 351.295 2.6475
8 386.629 358.857 4.9765
0 386.629 358.857 2.6475
9 377.601 361.644 4.9765
0 377.601 361.644 2.6475
7 368.57 364.364 4.9765
0 368.57 364.364 2.6475
7 363.468 356.441 4.9765
0 363.468 356.441 2.6475
7 354.274 354.379 4.9765
0 354.274 354.379 2.6475
7 345.431 351.125 4.9765
