cells = zeros(781,4);
cells = [-1 505 505 505
3 581.026 421.085 9.953
0 581.026 421.085 5.295
3 591.952 437.723 9.953
0 591.952 437.723 5.295
3 584.506 456.184 9.953
0 584.506 456.184 5.295
3 582.254 475.962 9.953
0 582.254 475.962 5.295
3 622.038 417.349 9.953
0 622.038 417.349 5.295
3 611.557 434.272 9.953
0 611.557 434.272 5.295
3 607.423 456.225 9.953
0 607.423 456.225 5.295
3 641.446 421.774 9.953
0 641.446 421.774 5.295
3 650.843 439.322 9.953
0 650.843 439.322 5.295
3 630.944 438.784 9.953
0 630.944 438.784 5.295
3 627.216 458.337 9.953
0 627.216 458.337 5.295
3 666.167 426.618 9.953
0 666.167 426.618 5.295
3 670.063 446.139 9.953
0 670.063 446.139 5.295
3 689.533 450.28 9.953
0 689.533 450.28 5.295
3 589.93 494.328 9.953
0 589.93 494.328 5.295
3 612.01 475.731 9.953
0 612.01 475.731 5.295
3 628.034 488.314 9.953
0 628.034 488.314 5.295
3 654.738 458.843 9.953
0 654.738 458.843 5.295
3 640.713 472.968 9.953
0 640.713 472.968 5.295
3 672.848 467.106 9.953
0 672.848 467.106 5.295
0 658.771 481.345 9.953
0 658.771 481.345 5.295
3 692.549 469.956 9.953
0 692.549 469.956 5.295
3 609.749 496.18 9.953
0 609.749 496.18 5.295
3 625.888 508.24 9.953
0 625.888 508.24 5.295
0 645.752 497.386 9.953
0 645.752 497.386 5.295
3 643.741 517.19 9.953
0 643.741 517.19 5.295
3 679.428 485.893 9.953
0 679.428 485.893 5.295
0 665.473 500.088 9.953
0 665.473 500.088 5.295
3 699.677 488.542 9.953
0 699.677 488.542 5.295
3 685.789 505.071 9.953
0 685.789 505.071 5.295
3 600.519 513.816 9.953
0 600.519 513.816 5.295
3 618.556 526.746 9.953
0 618.556 526.746 5.295
3 636.12 536.112 9.953
0 636.12 536.112 5.295
0 669.804 519.517 9.953
0 669.804 519.517 5.295
3 655.885 533.747 9.953
0 655.885 533.747 5.295
3 708.183 506.539 9.953
0 708.183 506.539 5.295
3 725.213 520.741 9.953
0 725.213 520.741 5.295
3 707.999 530.736 9.953
0 707.999 530.736 5.295
3 688.833 525.36 9.953
0 688.833 525.36 5.295
3 599.908 533.713 9.953
0 599.908 533.713 5.295
3 583.344 544.751 9.953
0 583.344 544.751 5.295
3 613.461 548.293 9.953
0 613.461 548.293 5.295
3 636.934 571.37 9.953
0 636.934 571.37 5.295
3 645.76 553.528 9.953
0 645.76 553.528 5.295
3 665.352 557.049 9.953
0 665.352 557.049 5.295
3 656.526 574.891 9.953
0 656.526 574.891 5.295
3 646.332 591.989 9.953
0 646.332 591.989 5.295
3 676.214 577.826 9.953
0 676.214 577.826 5.295
3 694.302 586.136 9.953
0 694.302 586.136 5.295
3 674.914 539.59 9.953
0 674.914 539.59 5.295
3 693.951 546.223 9.953
0 693.951 546.223 5.295
3 692.269 566.057 9.953
0 692.269 566.057 5.295
7 80 235 4.9765
0 80 235 2.6475
7 80 244 4.9765
0 80 244 2.6475
7 80 253 4.9765
0 80 253 2.6475
7 80 262 4.9765
0 80 262 2.6475
7 80 271 4.9765
0 80 271 2.6475
7 80 280 4.9765
0 80 280 2.6475
7 80 289 4.9765
0 80 289 2.6475
7 80 298 4.9765
0 80 298 2.6475
7 80 307 4.9765
0 80 307 2.6475
7 80 316 4.9765
0 80 316 2.6475
7 80 325 4.9765
0 80 325 2.6475
7 80 334 4.9765
0 80 334 2.6475
7 80 343 4.9765
0 80 343 2.6475
7 80 352 4.9765
0 80 352 2.6475
7 80 361 4.9765
0 80 361 2.6475
7 80 370 4.9765
0 80 370 2.6475
7 80 379 4.9765
0 80 379 2.6475
7 80 388 4.9765
0 80 388 2.6475
7 80 397 4.9765
0 80 397 2.6475
7 80 406 4.9765
0 80 406 2.6475
7 80 415 4.9765
0 80 415 2.6475
7 80 424 4.9765
0 80 424 2.6475
7 80 433 4.9765
0 80 433 2.6475
7 80 442 4.9765
0 80 442 2.6475
7 80 451 4.9765
0 80 451 2.6475
7 80 460 4.9765
0 80 460 2.6475
7 80 469 4.9765
0 80 469 2.6475
7 80 478 4.9765
0 80 478 2.6475
7 80 487 4.9765
0 80 487 2.6475
7 80 496 4.9765
0 80 496 2.6475
7 80 505 4.9765
0 80 505 2.6475
7 80 514 4.9765
0 80 514 2.6475
7 80 523 4.9765
0 80 523 2.6475
7 80 532 4.9765
0 80 532 2.6475
7 80 541 4.9765
0 80 541 2.6475
7 80 550 4.9765
0 80 550 2.6475
7 80 559 4.9765
0 80 559 2.6475
7 80 568 4.9765
0 80 568 2.6475
7 80 577 4.9765
0 80 577 2.6475
7 80 586 4.9765
0 80 586 2.6475
7 80 595 4.9765
0 80 595 2.6475
7 80 604 4.9765
0 80 604 2.6475
7 80 613 4.9765
0 80 613 2.6475
7 80 622 4.9765
0 80 622 2.6475
7 80 631 4.9765
0 80 631 2.6475
7 80 640 4.9765
0 80 640 2.6475
7 80 649 4.9765
0 80 649 2.6475
7 80 658 4.9765
0 80 658 2.6475
7 80 667 4.9765
0 80 667 2.6475
7 80 676 4.9765
0 80 676 2.6475
7 80 685 4.9765
0 80 685 2.6475
7 80 694 4.9765
0 80 694 2.6475
7 80 703 4.9765
0 80 703 2.6475
7 80 712 4.9765
0 80 712 2.6475
7 80 721 4.9765
0 80 721 2.6475
7 80 730 4.9765
0 80 730 2.6475
7 80 739 4.9765
0 80 739 2.6475
7 80 748 4.9765
0 80 748 2.6475
7 80 757 4.9765
0 80 757 2.6475
7 80 766 4.9765
0 80 766 2.6475
7 80 775 4.9765
0 80 775 2.6475
7 100 208 4.9765
0 100 208 2.6475
7 100 217 4.9765
0 100 217 2.6475
7 100 226 4.9765
0 100 226 2.6475
7 100 235 4.9765
0 100 235 2.6475
7 100 244 4.9765
0 100 244 2.6475
7 100 253 4.9765
0 100 253 2.6475
7 100 262 4.9765
0 100 262 2.6475
7 100 271 4.9765
0 100 271 2.6475
7 100 280 4.9765
0 100 280 2.6475
7 100 289 4.9765
0 100 289 2.6475
7 100 298 4.9765
0 100 298 2.6475
7 108.286 293.485 4.9765
0 108.286 293.485 2.6475
7 116.843 289.502 4.9765
0 116.843 289.502 2.6475
7 125.428 285.582 4.9765
0 125.428 285.582 2.6475
7 133.999 281.633 4.9765
0 133.999 281.633 2.6475
7 142.555 277.648 4.9765
0 142.555 277.648 2.6475
7 151.082 273.603 4.9765
0 151.082 273.603 2.6475
7 159.571 269.48 4.9765
0 159.571 269.48 2.6475
7 168.017 265.268 4.9765
0 168.017 265.268 2.6475
7 176.417 260.963 4.9765
0 176.417 260.963 2.6475
7 184.768 256.567 4.9765
0 184.768 256.567 2.6475
7 193.072 252.081 4.9765
0 193.072 252.081 2.6475
7 201.33 247.513 4.9765
0 201.33 247.513 2.6475
7 209.548 242.869 4.9765
0 209.548 242.869 2.6475
7 217.727 238.163 4.9765
0 217.727 238.163 2.6475
7 225.878 233.403 4.9765
0 225.878 233.403 2.6475
7 234.004 228.606 4.9765
0 234.004 228.606 2.6475
7 242.118 223.785 4.9765
0 242.118 223.785 2.6475
7 250.227 218.961 4.9765
0 250.227 218.961 2.6475
7 258.349 214.153 4.9765
0 258.349 214.153 2.6475
7 266.493 209.391 4.9765
0 266.493 209.391 2.6475
7 274.683 204.7 4.9765
0 274.683 204.7 2.6475
7 282.932 200.126 4.9765
0 282.932 200.126 2.6475
7 291.26 195.688 4.9765
0 291.26 195.688 2.6475
7 299.7 191.476 4.9765
0 299.7 191.476 2.6475
7 308.187 187.353 4.9765
0 308.187 187.353 2.6475
7 316.959 183.888 4.9765
0 316.959 183.888 2.6475
7 325.331 179.54 4.9765
0 325.331 179.54 2.6475
7 334.626 177.933 4.9765
0 334.626 177.933 2.6475
7 342.436 172.637 4.9765
0 342.436 172.637 2.6475
9 351.816 171.567 4.9765
0 351.816 171.567 2.6475
8 360.718 168.391 4.9765
0 360.718 168.391 2.6475
7 252.068 233.709 4.9765
0 252.068 233.709 2.6475
7 245.715 240.667 4.9765
0 245.715 240.667 2.6475
7 241.299 248.987 4.9765
0 241.299 248.987 2.6475
7 236.302 240.999 4.9765
0 236.302 240.999 2.6475
7 231.879 249.322 4.9765
0 231.879 249.322 2.6475
7 222.879 252.084 4.9765
0 222.879 252.084 2.6475
7 216.987 259.445 4.9765
0 216.987 259.445 2.6475
7 208.514 263.536 4.9765
0 208.514 263.536 2.6475
7 201.541 269.896 4.9765
0 201.541 269.896 2.6475
7 194.875 276.52 4.9765
0 194.875 276.52 2.6475
7 186.735 281.328 4.9765
0 186.735 281.328 2.6475
7 186.357 290.655 4.9765
0 186.357 290.655 2.6475
7 181.896 299.162 4.9765
0 181.896 299.162 2.6475
7 179.151 307.95 4.9765
0 179.151 307.95 2.6475
7 188.084 305.897 4.9765
0 188.084 305.897 2.6475
7 197.458 308.621 4.9765
0 197.458 308.621 2.6475
7 206.414 310.651 4.9765
0 206.414 310.651 2.6475
7 215.871 312.326 4.9765
0 215.871 312.326 2.6475
7 225.079 313.587 4.9765
0 225.079 313.587 2.6475
7 234.554 314.568 4.9765
0 234.554 314.568 2.6475
7 243.885 315.235 4.9765
0 243.885 315.235 2.6475
7 253.363 315.594 4.9765
0 253.363 315.594 2.6475
7 262.753 315.588 4.9765
0 262.753 315.588 2.6475
7 272.205 315.175 4.9765
0 272.205 315.175 2.6475
7 281.579 314.32 4.9765
0 281.579 314.32 2.6475
7 290.935 312.992 4.9765
0 290.935 312.992 2.6475
7 300.191 311.212 4.9765
0 300.191 311.212 2.6475
7 309.375 309.003 4.9765
0 309.375 309.003 2.6475
7 318.484 306.55 4.9765
0 318.484 306.55 2.6475
7 327.455 303.592 4.9765
0 327.455 303.592 2.6475
7 336.647 301.446 4.9765
0 336.647 301.446 2.6475
7 344.94 296.913 4.9765
0 344.94 296.913 2.6475
9 354.049 294.403 4.9765
