cells = zeros(1593,4);
cells = [-1 505 505 505
3 592.163 406.152 9.953
0 592.163 406.152 5.295
3 588.043 446.328 9.953
0 588.043 446.328 5.295
3 568.664 441.985 9.953
0 568.664 441.985 5.295
3 555.622 457.134 9.953
0 555.622 457.134 5.295
3 626.475 390.443 9.953
0 626.475 390.443 5.295
3 614.109 415.855 9.953
0 614.109 415.855 5.295
3 628.311 460.814 9.953
0 628.311 460.814 5.295
3 655.677 390.138 9.953
0 655.677 390.138 5.295
3 653.617 428.281 9.953
0 653.617 428.281 5.295
3 635.617 419.839 9.953
0 635.617 419.839 5.295
3 646.596 468.473 9.953
0 646.596 468.473 5.295
3 674.75 402.317 9.953
0 674.75 402.317 5.295
3 672.221 435.271 9.953
0 672.221 435.271 5.295
3 708.673 429.117 9.953
0 708.673 429.117 5.295
3 596.199 464.389 9.953
0 596.199 464.389 5.295
3 613.529 473.976 9.953
0 613.529 473.976 5.295
3 632.17 482.524 9.953
0 632.17 482.524 5.295
3 682.598 478.72 9.953
0 682.598 478.72 5.295
3 650.469 495.577 9.953
0 650.469 495.577 5.295
3 710.369 488.553 9.953
0 710.369 488.553 5.295
0 662.775 479.941 9.953
0 662.775 479.941 5.295
3 797.752 473.092 9.953
0 797.752 473.092 5.295
3 611.65 493.644 9.953
0 611.65 493.644 5.295
3 631.62 502.419 9.953
0 631.62 502.419 5.295
0 652.269 515.389 9.953
0 652.269 515.389 5.295
0 614.391 513.184 9.953
0 614.391 513.184 5.295
3 692.01 496.23 9.953
0 692.01 496.23 5.295
0 672.112 497.463 9.953
0 672.112 497.463 5.295
3 728.469 500.859 9.953
0 728.469 500.859 5.295
0 691.883 516.289 9.953
0 691.883 516.289 5.295
3 596.016 520.525 9.953
0 596.016 520.525 5.295
3 610.502 539.507 9.953
0 610.502 539.507 5.295
3 623.264 554.941 9.953
0 623.264 554.941 5.295
0 672.047 517.336 9.953
0 672.047 517.336 5.295
3 627.808 527.622 9.953
0 627.808 527.622 5.295
3 710.303 508.871 9.953
0 710.303 508.871 5.295
3 735.273 519.521 9.953
0 735.273 519.521 5.295
3 732.089 539.132 9.953
0 732.089 539.132 5.295
3 715.481 528.081 9.953
0 715.481 528.081 5.295
3 590.137 539.448 9.953
0 590.137 539.448 5.295
3 585.784 558.792 9.953
0 585.784 558.792 5.295
3 605.175 563.119 9.953
0 605.175 563.119 5.295
3 623.215 575.148 9.953
0 623.215 575.148 5.295
3 640.355 565.065 9.953
0 640.355 565.065 5.295
3 677.086 584.391 9.953
0 677.086 584.391 5.295
3 657.673 588.52 9.953
0 657.673 588.52 5.295
3 641.747 600.398 9.953
0 641.747 600.398 5.295
3 669.195 604.739 9.953
0 669.195 604.739 5.295
3 752.871 681.627 9.953
0 752.871 681.627 5.295
3 681.885 565.167 9.953
0 681.885 565.167 5.295
3 718.757 574.713 9.953
0 718.757 574.713 5.295
3 689.296 600.036 9.953
0 689.296 600.036 5.295
7 80 235 4.9765
0 80 235 2.6475
7 80 244 4.9765
0 80 244 2.6475
7 80 253 4.9765
0 80 253 2.6475
7 80 262 4.9765
0 80 262 2.6475
7 80 271 4.9765
0 80 271 2.6475
7 80 280 4.9765
0 80 280 2.6475
7 80 289 4.9765
0 80 289 2.6475
7 80 298 4.9765
0 80 298 2.6475
7 80 307 4.9765
0 80 307 2.6475
7 80 316 4.9765
0 80 316 2.6475
7 80 325 4.9765
0 80 325 2.6475
7 80 334 4.9765
0 80 334 2.6475
7 80 343 4.9765
0 80 343 2.6475
7 80 352 4.9765
0 80 352 2.6475
7 80 361 4.9765
0 80 361 2.6475
7 80 370 4.9765
0 80 370 2.6475
7 80 379 4.9765
0 80 379 2.6475
7 80 388 4.9765
0 80 388 2.6475
7 80 397 4.9765
0 80 397 2.6475
7 80 406 4.9765
0 80 406 2.6475
7 80 415 4.9765
0 80 415 2.6475
7 80 424 4.9765
0 80 424 2.6475
7 80 433 4.9765
0 80 433 2.6475
7 80 442 4.9765
0 80 442 2.6475
7 80 451 4.9765
0 80 451 2.6475
7 80 460 4.9765
0 80 460 2.6475
7 80 469 4.9765
0 80 469 2.6475
7 80 478 4.9765
0 80 478 2.6475
7 80 487 4.9765
0 80 487 2.6475
7 80 496 4.9765
0 80 496 2.6475
7 80 505 4.9765
0 80 505 2.6475
7 80 514 4.9765
0 80 514 2.6475
7 80 523 4.9765
0 80 523 2.6475
7 80 532 4.9765
0 80 532 2.6475
7 80 541 4.9765
0 80 541 2.6475
7 80 550 4.9765
0 80 550 2.6475
7 80 559 4.9765
0 80 559 2.6475
7 80 568 4.9765
0 80 568 2.6475
7 80 577 4.9765
0 80 577 2.6475
7 80 586 4.9765
0 80 586 2.6475
7 80 595 4.9765
0 80 595 2.6475
7 80 604 4.9765
0 80 604 2.6475
7 80 613 4.9765
0 80 613 2.6475
7 80 622 4.9765
0 80 622 2.6475
7 80 631 4.9765
0 80 631 2.6475
7 80 640 4.9765
0 80 640 2.6475
7 80 649 4.9765
0 80 649 2.6475
7 80 658 4.9765
0 80 658 2.6475
7 80 667 4.9765
0 80 667 2.6475
7 80 676 4.9765
0 80 676 2.6475
7 80 685 4.9765
0 80 685 2.6475
7 80 694 4.9765
0 80 694 2.6475
7 80 703 4.9765
0 80 703 2.6475
7 80 712 4.9765
0 80 712 2.6475
7 80 721 4.9765
0 80 721 2.6475
7 80 730 4.9765
0 80 730 2.6475
7 80 739 4.9765
0 80 739 2.6475
7 80 748 4.9765
0 80 748 2.6475
7 80 757 4.9765
0 80 757 2.6475
7 80 766 4.9765
0 80 766 2.6475
7 80 775 4.9765
0 80 775 2.6475
7 100 208 4.9765
0 100 208 2.6475
7 100 217 4.9765
0 100 217 2.6475
7 100 226 4.9765
0 100 226 2.6475
7 100 235 4.9765
0 100 235 2.6475
7 100 244 4.9765
0 100 244 2.6475
7 100 253 4.9765
0 100 253 2.6475
7 100 262 4.9765
0 100 262 2.6475
7 100 271 4.9765
0 100 271 2.6475
7 100 280 4.9765
0 100 280 2.6475
7 100 289 4.9765
0 100 289 2.6475
7 100 298 4.9765
0 100 298 2.6475
7 108.287 293.482 4.9765
0 108.287 293.482 2.6475
7 116.674 289.153 4.9765
0 116.674 289.153 2.6475
7 125.061 284.823 4.9765
0 125.061 284.823 2.6475
7 133.447 280.491 4.9765
0 133.447 280.491 2.6475
7 141.832 276.156 4.9765
0 141.832 276.156 2.6475
7 150.215 271.818 4.9765
0 150.215 271.818 2.6475
7 158.595 267.476 4.9765
0 158.595 267.476 2.6475
7 166.973 263.128 4.9765
0 166.973 263.128 2.6475
7 175.348 258.774 4.9765
0 175.348 258.774 2.6475
7 183.719 254.414 4.9765
0 183.719 254.414 2.6475
7 192.087 250.048 4.9765
0 192.087 250.048 2.6475
7 200.451 245.674 4.9765
0 200.451 245.674 2.6475
7 208.812 241.293 4.9765
0 208.812 241.293 2.6475
7 217.168 236.904 4.9765
0 217.168 236.904 2.6475
7 225.521 232.508 4.9765
0 225.521 232.508 2.6475
7 233.869 228.104 4.9765
0 233.869 228.104 2.6475
7 242.214 223.693 4.9765
0 242.214 223.693 2.6475
7 250.555 219.275 4.9765
0 250.555 219.275 2.6475
7 258.892 214.85 4.9765
0 258.892 214.85 2.6475
7 267.226 210.419 4.9765
0 267.226 210.419 2.6475
7 275.557 205.982 4.9765
0 275.557 205.982 2.6475
7 283.885 201.54 4.9765
0 283.885 201.54 2.6475
7 292.211 197.094 4.9765
0 292.211 197.094 2.6475
7 300.535 192.643 4.9765
0 300.535 192.643 2.6475
7 308.857 188.189 4.9765
0 308.857 188.189 2.6475
7 317.177 183.733 4.9765
0 317.177 183.733 2.6475
7 325.497 179.275 4.9765
0 325.497 179.275 2.6475
7 333.816 174.816 4.9765
0 333.816 174.816 2.6475
7 340.331 181.622 4.9765
0 340.331 181.622 2.6475
7 342.968 172.578 4.9765
0 342.968 172.578 2.6475
7 352.138 170.411 4.9765
0 352.138 170.411 2.6475
7 361.319 168.296 4.9765
0 361.319 168.296 2.6475
7 370.516 166.25 4.9765
0 370.516 166.25 2.6475
7 379.733 164.293 4.9765
0 379.733 164.293 2.6475
7 388.971 162.441 4.9765
0 388.971 162.441 2.6475
7 398.232 160.71 4.9765
0 398.232 160.71 2.6475
7 407.517 159.105 4.9765
0 407.517 159.105 2.6475
7 416.821 157.623 4.9765
0 416.821 157.623 2.6475
7 426.142 156.246 4.9765
0 426.142 156.246 2.6475
7 435.474 154.946 4.9765
0 435.474 154.946 2.6475
7 444.811 153.688 4.9765
0 444.811 153.688 2.6475
7 448.664 145.091 4.9765
0 448.664 145.091 2.6475
7 454.24 152.684 4.9765
0 454.24 152.684 2.6475
7 463.668 151.68 4.9765
0 463.668 151.68 2.6475
7 473.096 150.676 4.9765
0 473.096 150.676 2.6475
7 482.524 149.672 4.9765
0 482.524 149.672 2.6475
7 491.952 148.668 4.9765
0 491.952 148.668 2.6475
7 501.38 147.664 4.9765
0 501.38 147.664 2.6475
7 510.808 146.659 4.9765
0 510.808 146.659 2.6475
7 520.236 145.655 4.9765
0 520.236 145.655 2.6475
7 529.664 144.65 4.9765
0 529.664 144.65 2.6475
7 539.092 143.645 4.9765
0 539.092 143.645 2.6475
7 548.519 142.641 4.9765
0 548.519 142.641 2.6475
7 557.947 141.636 4.9765
0 557.947 141.636 2.6475
7 559.538 150.921 4.9765
0 559.538 150.921 2.6475
7 566.837 144.966 4.9765
0 566.837 144.966 2.6475
7 575.698 148.372 4.9765
0 575.698 148.372 2.6475
7 584.535 151.84 4.9765
0 584.535 151.84 2.6475
7 593.338 155.393 4.9765
0 593.338 155.393 2.6475
7 602.092 159.067 4.9765
0 602.092 159.067 2.6475
7 610.774 162.907 4.9765
0 610.774 162.907 2.6475
7 619.358 166.961 4.9765
0 619.358 166.961 2.6475
7 627.811 171.284 4.9765
0 627.811 171.284 2.6475
