cells = zeros(659,4);
cells = [-1 505 505 505
3 591.797 455.988 9.953
0 591.797 455.988 5.295
3 597.212 416.764 9.953
0 597.212 416.764 5.295
3 596.555 436.659 9.953
0 596.555 436.659 5.295
3 614.609 428.276 9.953
0 614.609 428.276 5.295
3 624.345 445.638 9.953
0 624.345 445.638 5.295
3 611.171 460.561 9.953
0 611.171 460.561 5.295
3 639.123 432.302 9.953
0 639.123 432.302 5.295
3 643.082 452.36 9.953
0 643.082 452.36 5.295
3 661.112 428.823 9.953
0 661.112 428.823 5.295
3 677.412 440.249 9.953
0 677.412 440.249 5.295
3 662.941 453.918 9.953
0 662.941 453.918 5.295
3 697.314 440.64 9.953
0 697.314 440.64 5.295
3 685.204 458.968 9.953
0 685.204 458.968 5.295
3 587.931 475.515 9.953
0 587.931 475.515 5.295
3 607.305 480.088 9.953
0 607.305 480.088 5.295
0 651.664 470.321 9.953
0 651.664 470.321 5.295
3 629.643 467.979 9.953
0 629.643 467.979 5.295
3 671.356 473.268 9.953
0 671.356 473.268 5.295
3 704.067 465.381 9.953
0 704.067 465.381 5.295
3 695.823 483.499 9.953
0 695.823 483.499 5.295
3 583.535 494.929 9.953
0 583.535 494.929 5.295
3 602.39 501.312 9.953
0 602.39 501.312 5.295
3 621.079 494.458 9.953
0 621.079 494.458 5.295
0 638.904 485.599 9.953
0 638.904 485.599 5.295
0 645.306 504.556 9.953
0 645.306 504.556 5.295
0 658.515 489.011 9.953
0 658.515 489.011 5.295
0 664.933 507.881 9.953
0 664.933 507.881 5.295
0 678.101 492.564 9.953
0 678.101 492.564 5.295
3 715.728 483.301 9.953
0 715.728 483.301 5.295
3 713.956 503.128 9.953
0 713.956 503.128 5.295
3 720.417 521.956 9.953
0 720.417 521.956 5.295
3 550.272 516.801 9.953
0 550.272 516.801 5.295
3 566.994 506.003 9.953
0 566.994 506.003 5.295
3 581.359 519.784 9.953
0 581.359 519.784 5.295
3 601.03 522.828 9.953
0 601.03 522.828 5.295
3 583.939 539.522 9.953
0 583.939 539.522 5.295
3 618.995 514.255 9.953
0 618.995 514.255 5.295
3 620.551 534.1 9.953
0 620.551 534.1 5.295
0 637.038 522.664 9.953
0 637.038 522.664 5.295
3 643.955 541.329 9.953
0 643.955 541.329 5.295
0 656.664 525.988 9.953
0 656.664 525.988 5.295
3 694.093 504.418 9.953
0 694.093 504.418 5.295
0 680.643 520.736 9.953
0 680.643 520.736 5.295
3 700.553 523.246 9.953
0 700.553 523.246 5.295
3 603.32 544.066 9.953
0 603.32 544.066 5.295
3 591.335 561.678 9.953
0 591.335 561.678 5.295
3 572.342 555.719 9.953
0 572.342 555.719 5.295
3 611.123 563.837 9.953
0 611.123 563.837 5.295
3 608.825 583.61 9.953
0 608.825 583.61 5.295
3 627.718 552.844 9.953
0 627.718 552.844 5.295
0 671.989 538.691 9.953
0 671.989 538.691 5.295
3 659.29 554.02 9.953
0 659.29 554.02 5.295
3 656.002 576.79 9.953
0 656.002 576.79 5.295
3 692.635 580.356 9.953
0 692.635 580.356 5.295
3 673.676 586.423 9.953
0 673.676 586.423 5.295
3 663.929 603.779 9.953
0 663.929 603.779 5.295
3 705.383 542.557 9.953
0 705.383 542.557 5.295
3 687.46 551.218 9.953
0 687.46 551.218 5.295
3 674.761 566.546 9.953
0 674.761 566.546 5.295
7 80 235 4.9765
0 80 235 2.6475
7 80 244 4.9765
0 80 244 2.6475
7 80 253 4.9765
0 80 253 2.6475
7 80 262 4.9765
0 80 262 2.6475
7 80 271 4.9765
0 80 271 2.6475
7 80 280 4.9765
0 80 280 2.6475
7 80 289 4.9765
0 80 289 2.6475
7 80 298 4.9765
0 80 298 2.6475
7 80 307 4.9765
0 80 307 2.6475
7 80 316 4.9765
0 80 316 2.6475
7 80 325 4.9765
0 80 325 2.6475
7 80 334 4.9765
0 80 334 2.6475
7 80 343 4.9765
0 80 343 2.6475
7 80 352 4.9765
0 80 352 2.6475
7 80 361 4.9765
0 80 361 2.6475
7 80 370 4.9765
0 80 370 2.6475
7 80 379 4.9765
0 80 379 2.6475
7 80 388 4.9765
0 80 388 2.6475
7 80 397 4.9765
0 80 397 2.6475
7 80 406 4.9765
0 80 406 2.6475
7 80 415 4.9765
0 80 415 2.6475
7 80 424 4.9765
0 80 424 2.6475
7 80 433 4.9765
0 80 433 2.6475
7 80 442 4.9765
0 80 442 2.6475
7 80 451 4.9765
0 80 451 2.6475
7 80 460 4.9765
0 80 460 2.6475
7 80 469 4.9765
0 80 469 2.6475
7 80 478 4.9765
0 80 478 2.6475
7 80 487 4.9765
0 80 487 2.6475
7 80 496 4.9765
0 80 496 2.6475
7 80 505 4.9765
0 80 505 2.6475
7 80 514 4.9765
0 80 514 2.6475
7 80 523 4.9765
0 80 523 2.6475
7 80 532 4.9765
0 80 532 2.6475
7 80 541 4.9765
0 80 541 2.6475
7 80 550 4.9765
0 80 550 2.6475
7 80 559 4.9765
0 80 559 2.6475
7 80 568 4.9765
0 80 568 2.6475
7 80 577 4.9765
0 80 577 2.6475
7 80 586 4.9765
0 80 586 2.6475
7 80 595 4.9765
0 80 595 2.6475
7 80 604 4.9765
0 80 604 2.6475
7 80 613 4.9765
0 80 613 2.6475
7 80 622 4.9765
0 80 622 2.6475
7 80 631 4.9765
0 80 631 2.6475
7 80 640 4.9765
0 80 640 2.6475
7 80 649 4.9765
0 80 649 2.6475
7 80 658 4.9765
0 80 658 2.6475
7 80 667 4.9765
0 80 667 2.6475
7 80 676 4.9765
0 80 676 2.6475
7 80 685 4.9765
0 80 685 2.6475
7 80 694 4.9765
0 80 694 2.6475
7 80 703 4.9765
0 80 703 2.6475
7 80 712 4.9765
0 80 712 2.6475
7 80 721 4.9765
0 80 721 2.6475
7 80 730 4.9765
0 80 730 2.6475
7 80 739 4.9765
0 80 739 2.6475
7 80 748 4.9765
0 80 748 2.6475
7 80 757 4.9765
0 80 757 2.6475
7 80 766 4.9765
0 80 766 2.6475
7 80 775 4.9765
0 80 775 2.6475
7 100 208 4.9765
0 100 208 2.6475
7 100 217 4.9765
0 100 217 2.6475
7 100 226 4.9765
0 100 226 2.6475
7 100 235 4.9765
0 100 235 2.6475
7 100 244 4.9765
0 100 244 2.6475
7 100 253 4.9765
0 100 253 2.6475
7 100 262 4.9765
0 100 262 2.6475
7 100 271 4.9765
0 100 271 2.6475
7 100 280 4.9765
0 100 280 2.6475
7 100 289 4.9765
0 100 289 2.6475
7 100 298 4.9765
0 100 298 2.6475
7 108.303 293.446 4.9765
0 108.303 293.446 2.6475
7 116.364 288.481 4.9765
0 116.364 288.481 2.6475
7 124.428 283.524 4.9765
0 124.428 283.524 2.6475
7 132.502 278.575 4.9765
0 132.502 278.575 2.6475
7 140.574 273.643 4.9765
0 140.574 273.643 2.6475
7 148.669 268.715 4.9765
0 148.669 268.715 2.6475
7 156.745 263.819 4.9765
0 156.745 263.819 2.6475
7 164.873 258.916 4.9765
0 164.873 258.916 2.6475
7 172.961 254.068 4.9765
0 172.961 254.068 2.6475
7 181.135 249.208 4.9765
0 181.135 249.208 2.6475
7 189.259 244.433 4.9765
0 189.259 244.433 2.6475
7 197.51 239.679 4.9765
0 197.51 239.679 2.6475
7 205.738 235.081 4.9765
0 205.738 235.081 2.6475
7 214.106 230.526 4.9765
0 214.106 230.526 2.6475
7 222.493 226.227 4.9765
0 222.493 226.227 2.6475
7 231.018 221.969 4.9765
0 231.018 221.969 2.6475
7 239.49 217.857 4.9765
0 239.49 217.857 2.6475
7 248.097 213.785 4.9765
0 248.097 213.785 2.6475
9 256.63 209.8 4.9765
0 256.63 209.8 2.6475
8 265.56 206.559 4.9765
0 265.56 206.559 2.6475
13 191.036 298.25 4.9765
0 191.036 298.25 2.6475
9 265.575 216.016 4.9765
0 265.575 216.016 2.6475
7 259.688 223.403 4.9765
0 259.688 223.403 2.6475
7 250.938 227.031 4.9765
0 250.938 227.031 2.6475
7 241.697 229.12 4.9765
0 241.697 229.12 2.6475
7 233.526 233.935 4.9765
0 233.526 233.935 2.6475
7 224.922 237.898 4.9765
0 224.922 237.898 2.6475
7 216.17 241.52 4.9765
0 216.17 241.52 2.6475
7 209.148 247.838 4.9765
0 209.148 247.838 2.6475
7 200.131 250.669 4.9765
0 200.131 250.669 2.6475
7 194.259 258.043 4.9765
0 194.259 258.043 2.6475
7 186.456 263.368 4.9765
0 186.456 263.368 2.6475
7 184.875 272.64 4.9765
0 184.875 272.64 2.6475
7 185.245 282.117 4.9765
0 185.245 282.117 2.6475
7 191.804 288.762 4.9765
0 191.804 288.762 2.6475
7 199.685 294.304 4.9765
0 199.685 294.304 2.6475
7 198.795 303.603 4.9765
0 198.795 303.603 2.6475
7 207.316 299.696 4.9765
0 207.316 299.696 2.6475
7 216.778 301.32 4.9765
0 216.778 301.32 2.6475
7 226.181 302.546 4.9765
0 226.181 302.546 2.6475
7 235.717 303.122 4.9765
0 235.717 303.122 2.6475
7 245.272 303.08 4.9765
0 245.272 303.08 2.6475
7 254.829 302.458 4.9765
0 254.829 302.458 2.6475
7 264.341 301.294 4.9765
0 264.341 301.294 2.6475
7 273.778 299.656 4.9765
0 273.778 299.656 2.6475
7 283.097 297.542 4.9765
0 283.097 297.542 2.6475
9 292.226 294.837 4.9765
0 292.226 294.837 2.6475
8 301.514 292.929 4.9765
0 301.514 292.929 2.6475
9 300.394 302.348 4.9765
0 300.394 302.348 2.6475
7 298.752 311.69 4.9765
0 298.752 311.69 2.6475
7 289.368 312.689 4.9765
0 289.368 312.689 2.6475
7 289.57 322.135 4.9765
0 289.57 322.135 2.6475
7 294.64 330.13 4.9765
0 294.64 330.13 2.6475
7 302.468 335.537 4.9765
0 302.468 335.537 2.6475
7 310.999 339.743 4.9765
0 310.999 339.743 2.6475
7 319.819 343.419 4.9765
0 319.819 343.419 2.6475
7 328.677 346.778 4.9765
0 328.677 346.778 2.6475
