cells = zeros(593,4);
cells = [-1 505 505 505
3 591.797 455.988 9.953
0 591.797 455.988 5.295
3 597.212 416.765 9.953
0 597.212 416.765 5.295
3 596.555 436.659 9.953
0 596.555 436.659 5.295
3 614.609 428.276 9.953
0 614.609 428.276 5.295
3 624.345 445.638 9.953
0 624.345 445.638 5.295
3 611.171 460.561 9.953
0 611.171 460.561 5.295
3 639.123 432.302 9.953
0 639.123 432.302 5.295
3 643.082 452.361 9.953
0 643.082 452.361 5.295
3 661.112 428.823 9.953
0 661.112 428.823 5.295
3 677.412 440.249 9.953
0 677.412 440.249 5.295
3 662.941 453.918 9.953
0 662.941 453.918 5.295
3 697.314 440.64 9.953
0 697.314 440.64 5.295
3 685.204 458.968 9.953
0 685.204 458.968 5.295
3 587.932 475.515 9.953
0 587.932 475.515 5.295
3 607.305 480.088 9.953
0 607.305 480.088 5.295
0 651.664 470.321 9.953
0 651.664 470.321 5.295
3 629.643 467.98 9.953
0 629.643 467.98 5.295
3 671.356 473.268 9.953
0 671.356 473.268 5.295
3 704.067 465.381 9.953
0 704.067 465.381 5.295
3 695.823 483.499 9.953
0 695.823 483.499 5.295
3 583.535 494.929 9.953
0 583.535 494.929 5.295
3 602.39 501.311 9.953
0 602.39 501.311 5.295
3 621.079 494.458 9.953
0 621.079 494.458 5.295
0 638.904 485.599 9.953
0 638.904 485.599 5.295
0 645.306 504.556 9.953
0 645.306 504.556 5.295
0 658.515 489.011 9.953
0 658.515 489.011 5.295
0 664.933 507.881 9.953
0 664.933 507.881 5.295
0 678.101 492.564 9.953
0 678.101 492.564 5.295
3 715.728 483.301 9.953
0 715.728 483.301 5.295
3 713.956 503.128 9.953
0 713.956 503.128 5.295
3 720.417 521.956 9.953
0 720.417 521.956 5.295
3 550.272 516.801 9.953
0 550.272 516.801 5.295
3 566.994 506.003 9.953
0 566.994 506.003 5.295
3 581.359 519.784 9.953
0 581.359 519.784 5.295
3 601.03 522.828 9.953
0 601.03 522.828 5.295
3 583.939 539.522 9.953
0 583.939 539.522 5.295
3 618.995 514.255 9.953
0 618.995 514.255 5.295
3 620.551 534.1 9.953
0 620.551 534.1 5.295
0 637.038 522.664 9.953
0 637.038 522.664 5.295
3 643.955 541.329 9.953
0 643.955 541.329 5.295
0 656.664 525.988 9.953
0 656.664 525.988 5.295
3 694.092 504.418 9.953
0 694.092 504.418 5.295
0 680.643 520.736 9.953
0 680.643 520.736 5.295
3 700.553 523.246 9.953
0 700.553 523.246 5.295
3 603.32 544.066 9.953
0 603.32 544.066 5.295
3 591.335 561.678 9.953
0 591.335 561.678 5.295
3 572.342 555.719 9.953
0 572.342 555.719 5.295
3 611.123 563.837 9.953
0 611.123 563.837 5.295
3 608.825 583.61 9.953
0 608.825 583.61 5.295
3 627.718 552.844 9.953
0 627.718 552.844 5.295
3 671.989 538.691 9.953
0 671.989 538.691 5.295
3 659.29 554.02 9.953
0 659.29 554.02 5.295
3 656.002 576.79 9.953
0 656.002 576.79 5.295
3 692.635 580.356 9.953
0 692.635 580.356 5.295
3 673.676 586.423 9.953
0 673.676 586.423 5.295
3 663.93 603.779 9.953
0 663.93 603.779 5.295
3 705.383 542.557 9.953
0 705.383 542.557 5.295
3 687.46 551.218 9.953
0 687.46 551.218 5.295
3 674.761 566.546 9.953
0 674.761 566.546 5.295
7 80 235 4.9765
0 80 235 2.6475
7 80 244 4.9765
0 80 244 2.6475
7 80 253 4.9765
0 80 253 2.6475
7 80 262 4.9765
0 80 262 2.6475
7 80 271 4.9765
0 80 271 2.6475
7 80 280 4.9765
0 80 280 2.6475
7 80 289 4.9765
0 80 289 2.6475
7 80 298 4.9765
0 80 298 2.6475
7 80 307 4.9765
0 80 307 2.6475
7 80 316 4.9765
0 80 316 2.6475
7 80 325 4.9765
0 80 325 2.6475
7 80 334 4.9765
0 80 334 2.6475
7 80 343 4.9765
0 80 343 2.6475
7 80 352 4.9765
0 80 352 2.6475
7 80 361 4.9765
0 80 361 2.6475
7 80 370 4.9765
0 80 370 2.6475
7 80 379 4.9765
0 80 379 2.6475
7 80 388 4.9765
0 80 388 2.6475
7 80 397 4.9765
0 80 397 2.6475
7 80 406 4.9765
0 80 406 2.6475
7 80 415 4.9765
0 80 415 2.6475
7 80 424 4.9765
0 80 424 2.6475
7 80 433 4.9765
0 80 433 2.6475
7 80 442 4.9765
0 80 442 2.6475
7 80 451 4.9765
0 80 451 2.6475
7 80 460 4.9765
0 80 460 2.6475
7 80 469 4.9765
0 80 469 2.6475
7 80 478 4.9765
0 80 478 2.6475
7 80 487 4.9765
0 80 487 2.6475
7 80 496 4.9765
0 80 496 2.6475
7 80 505 4.9765
0 80 505 2.6475
7 80 514 4.9765
0 80 514 2.6475
7 80 523 4.9765
0 80 523 2.6475
7 80 532 4.9765
0 80 532 2.6475
7 80 541 4.9765
0 80 541 2.6475
7 80 550 4.9765
0 80 550 2.6475
7 80 559 4.9765
0 80 559 2.6475
7 80 568 4.9765
0 80 568 2.6475
7 80 577 4.9765
0 80 577 2.6475
7 80 586 4.9765
0 80 586 2.6475
7 80 595 4.9765
0 80 595 2.6475
7 80 604 4.9765
0 80 604 2.6475
7 80 613 4.9765
0 80 613 2.6475
7 80 622 4.9765
0 80 622 2.6475
7 80 631 4.9765
0 80 631 2.6475
7 80 640 4.9765
0 80 640 2.6475
7 80 649 4.9765
0 80 649 2.6475
7 80 658 4.9765
0 80 658 2.6475
7 80 667 4.9765
0 80 667 2.6475
7 80 676 4.9765
0 80 676 2.6475
7 80 685 4.9765
0 80 685 2.6475
7 80 694 4.9765
0 80 694 2.6475
7 80 703 4.9765
0 80 703 2.6475
7 80 712 4.9765
0 80 712 2.6475
7 80 721 4.9765
0 80 721 2.6475
7 80 730 4.9765
0 80 730 2.6475
7 80 739 4.9765
0 80 739 2.6475
7 80 748 4.9765
0 80 748 2.6475
7 80 757 4.9765
0 80 757 2.6475
7 80 766 4.9765
0 80 766 2.6475
7 80 775 4.9765
0 80 775 2.6475
7 100 208 4.9765
0 100 208 2.6475
7 100 217 4.9765
0 100 217 2.6475
7 100 226 4.9765
0 100 226 2.6475
7 100 235 4.9765
0 100 235 2.6475
7 100 244 4.9765
0 100 244 2.6475
7 100 253 4.9765
0 100 253 2.6475
7 100 262 4.9765
0 100 262 2.6475
7 100 271 4.9765
0 100 271 2.6475
7 100 280 4.9765
0 100 280 2.6475
7 100 289 4.9765
0 100 289 2.6475
7 100 298 4.9765
0 100 298 2.6475
7 108.302 293.444 4.9765
0 108.302 293.444 2.6475
7 116.216 288.248 4.9765
0 116.216 288.248 2.6475
7 124.187 283.14 4.9765
0 124.187 283.14 2.6475
7 132.146 278.012 4.9765
0 132.146 278.012 2.6475
7 140.096 272.87 4.9765
0 140.096 272.87 2.6475
7 148.044 267.724 4.9765
0 148.044 267.724 2.6475
7 155.989 262.573 4.9765
0 155.989 262.573 2.6475
7 163.932 257.419 4.9765
0 163.932 257.419 2.6475
7 171.873 252.259 4.9765
0 171.873 252.259 2.6475
7 179.809 247.093 4.9765
0 179.809 247.093 2.6475
7 187.74 241.916 4.9765
0 187.74 241.916 2.6475
7 195.626 236.671 4.9765
0 195.626 236.671 2.6475
7 203.453 231.336 4.9765
0 203.453 231.336 2.6475
7 211.065 225.697 4.9765
0 211.065 225.697 2.6475
9 218.668 220.044 4.9765
0 218.668 220.044 2.6475
8 227.774 217.4 4.9765
0 227.774 217.4 2.6475
13 164.84 293.337 4.9765
0 164.84 293.337 2.6475
9 227.174 226.809 4.9765
0 227.174 226.809 2.6475
7 224.881 235.953 4.9765
0 224.881 235.953 2.6475
7 215.645 237.81 4.9765
0 215.645 237.81 2.6475
7 208.814 244.325 4.9765
0 208.814 244.325 2.6475
7 200.578 248.899 4.9765
0 200.578 248.899 2.6475
7 192.919 254.43 4.9765
0 192.919 254.43 2.6475
7 184.676 258.989 4.9765
0 184.676 258.989 2.6475
7 181.022 267.689 4.9765
0 181.022 267.689 2.6475
7 172.778 272.238 4.9765
0 172.778 272.238 2.6475
7 174.588 281.527 4.9765
0 174.588 281.527 2.6475
7 173.956 290.868 4.9765
0 173.956 290.868 2.6475
7 171.482 300.032 4.9765
0 171.482 300.032 2.6475
7 180.659 297.629 4.9765
0 180.659 297.629 2.6475
7 189.207 301.538 4.9765
0 189.207 301.538 2.6475
7 198.147 304.744 4.9765
0 198.147 304.744 2.6475
7 207.101 307.758 4.9765
0 207.101 307.758 2.6475
7 216.142 310.61 4.9765
0 216.142 310.61 2.6475
7 225.175 313.413 4.9765
0 225.175 313.413 2.6475
7 234.226 316.22 4.9765
0 234.226 316.22 2.6475
7 243.248 319.067 4.9765
0 243.248 319.067 2.6475
7 252.269 321.98 4.9765
0 252.269 321.98 2.6475
7 261.262 324.951 4.9765
0 261.262 324.951 2.6475
7 270.258 327.976 4.9765
0 270.258 327.976 2.6475
7 279.246 331.028 4.9765
0 279.246 331.028 2.6475
7 288.251 334.088 4.9765
0 288.251 334.088 2.6475
7 297.266 337.138 4.9765
0 297.266 337.138 2.6475
7 306.295 340.175 4.9765
0 306.295 340.175 2.6475
7 315.323 343.213 4.9765
0 315.323 343.213 2.6475
7 324.34 346.271 4.9765
0 324.34 346.271 2.6475
7 333.386 349.208 4.9765
0 333.386 349.208 2.6475
7 342.377 352.261 4.9765
0 342.377 352.261 2.6475
7 351.847 352.66 4.9765
0 351.847 352.66 2.6475
9 360.032 357.421 4.9765
0 360.032 357.421 2.6475
8 366.774 364.065 4.9765
0 366.774 364.065 2.6475
9 358.239 368.17 4.9765
0 358.239 368.17 2.6475
7 348.797 368.957 4.9765
0 348.797 368.957 2.6475
7 340.126 365.12 4.9765
0 340.126 365.12 2.6475
7 330.935 362.726 4.9765
0 330.935 362.726 2.6475
7 321.685 360.706 4.9765
0 321.685 360.706 2.6475
7 312.355 358.859 4.9765
0 312.355 358.859 2.6475
