cells = zeros(525,4);
cells = [-1 505 505 505
3 591.797 455.988 9.953
0 591.797 455.988 5.295
3 597.212 416.765 9.953
0 597.212 416.765 5.295
3 596.555 436.66 9.953
0 596.555 436.66 5.295
3 614.609 428.276 9.953
0 614.609 428.276 5.295
3 624.345 445.639 9.953
0 624.345 445.639 5.295
3 611.171 460.561 9.953
0 611.171 460.561 5.295
3 639.123 432.302 9.953
0 639.123 432.302 5.295
3 643.082 452.361 9.953
0 643.082 452.361 5.295
3 661.112 428.823 9.953
0 661.112 428.823 5.295
3 677.411 440.249 9.953
0 677.411 440.249 5.295
3 662.941 453.918 9.953
0 662.941 453.918 5.295
3 697.313 440.64 9.953
0 697.313 440.64 5.295
3 685.204 458.968 9.953
0 685.204 458.968 5.295
3 587.932 475.515 9.953
0 587.932 475.515 5.295
3 607.305 480.088 9.953
0 607.305 480.088 5.295
0 651.664 470.321 9.953
0 651.664 470.321 5.295
3 629.643 467.98 9.953
0 629.643 467.98 5.295
3 671.356 473.268 9.953
0 671.356 473.268 5.295
3 704.067 465.381 9.953
0 704.067 465.381 5.295
3 695.823 483.5 9.953
0 695.823 483.5 5.295
3 583.535 494.929 9.953
0 583.535 494.929 5.295
3 602.39 501.311 9.953
0 602.39 501.311 5.295
3 621.079 494.458 9.953
0 621.079 494.458 5.295
0 638.904 485.599 9.953
0 638.904 485.599 5.295
0 645.306 504.556 9.953
0 645.306 504.556 5.295
0 658.515 489.011 9.953
0 658.515 489.011 5.295
0 664.933 507.881 9.953
0 664.933 507.881 5.295
0 678.101 492.564 9.953
0 678.101 492.564 5.295
3 715.728 483.301 9.953
0 715.728 483.301 5.295
3 713.956 503.128 9.953
0 713.956 503.128 5.295
3 720.417 521.956 9.953
0 720.417 521.956 5.295
3 550.272 516.801 9.953
0 550.272 516.801 5.295
3 566.994 506.003 9.953
0 566.994 506.003 5.295
3 581.359 519.784 9.953
0 581.359 519.784 5.295
3 601.031 522.827 9.953
0 601.031 522.827 5.295
3 583.939 539.522 9.953
0 583.939 539.522 5.295
3 618.996 514.255 9.953
0 618.996 514.255 5.295
3 620.551 534.1 9.953
0 620.551 534.1 5.295
0 637.038 522.664 9.953
0 637.038 522.664 5.295
3 643.955 541.329 9.953
0 643.955 541.329 5.295
0 656.664 525.988 9.953
0 656.664 525.988 5.295
3 694.092 504.418 9.953
0 694.092 504.418 5.295
0 680.643 520.736 9.953
0 680.643 520.736 5.295
3 700.553 523.246 9.953
0 700.553 523.246 5.295
3 603.32 544.066 9.953
0 603.32 544.066 5.295
3 591.335 561.678 9.953
0 591.335 561.678 5.295
3 572.342 555.719 9.953
0 572.342 555.719 5.295
3 611.123 563.837 9.953
0 611.123 563.837 5.295
3 608.825 583.61 9.953
0 608.825 583.61 5.295
3 627.718 552.844 9.953
0 627.718 552.844 5.295
3 671.989 538.691 9.953
0 671.989 538.691 5.295
3 659.29 554.02 9.953
0 659.29 554.02 5.295
3 656.002 576.79 9.953
0 656.002 576.79 5.295
3 692.635 580.356 9.953
0 692.635 580.356 5.295
3 673.676 586.423 9.953
0 673.676 586.423 5.295
3 663.93 603.779 9.953
0 663.93 603.779 5.295
3 705.383 542.557 9.953
0 705.383 542.557 5.295
3 687.46 551.218 9.953
0 687.46 551.218 5.295
3 674.761 566.546 9.953
0 674.761 566.546 5.295
7 80 235 4.9765
0 80 235 2.6475
7 80 244 4.9765
0 80 244 2.6475
7 80 253 4.9765
0 80 253 2.6475
7 80 262 4.9765
0 80 262 2.6475
7 80 271 4.9765
0 80 271 2.6475
7 80 280 4.9765
0 80 280 2.6475
7 80 289 4.9765
0 80 289 2.6475
7 80 298 4.9765
0 80 298 2.6475
7 80 307 4.9765
0 80 307 2.6475
7 80 316 4.9765
0 80 316 2.6475
7 80 325 4.9765
0 80 325 2.6475
7 80 334 4.9765
0 80 334 2.6475
7 80 343 4.9765
0 80 343 2.6475
7 80 352 4.9765
0 80 352 2.6475
7 80 361 4.9765
0 80 361 2.6475
7 80 370 4.9765
0 80 370 2.6475
7 80 379 4.9765
0 80 379 2.6475
7 80 388 4.9765
0 80 388 2.6475
7 80 397 4.9765
0 80 397 2.6475
7 80 406 4.9765
0 80 406 2.6475
7 80 415 4.9765
0 80 415 2.6475
7 80 424 4.9765
0 80 424 2.6475
7 80 433 4.9765
0 80 433 2.6475
7 80 442 4.9765
0 80 442 2.6475
7 80 451 4.9765
0 80 451 2.6475
7 80 460 4.9765
0 80 460 2.6475
7 80 469 4.9765
0 80 469 2.6475
7 80 478 4.9765
0 80 478 2.6475
7 80 487 4.9765
0 80 487 2.6475
7 80 496 4.9765
0 80 496 2.6475
7 80 505 4.9765
0 80 505 2.6475
7 80 514 4.9765
0 80 514 2.6475
7 80 523 4.9765
0 80 523 2.6475
7 80 532 4.9765
0 80 532 2.6475
7 80 541 4.9765
0 80 541 2.6475
7 80 550 4.9765
0 80 550 2.6475
7 80 559 4.9765
0 80 559 2.6475
7 80 568 4.9765
0 80 568 2.6475
7 80 577 4.9765
0 80 577 2.6475
7 80 586 4.9765
0 80 586 2.6475
7 80 595 4.9765
0 80 595 2.6475
7 80 604 4.9765
0 80 604 2.6475
7 80 613 4.9765
0 80 613 2.6475
7 80 622 4.9765
0 80 622 2.6475
7 80 631 4.9765
0 80 631 2.6475
7 80 640 4.9765
0 80 640 2.6475
7 80 649 4.9765
0 80 649 2.6475
7 80 658 4.9765
0 80 658 2.6475
7 80 667 4.9765
0 80 667 2.6475
7 80 676 4.9765
0 80 676 2.6475
7 80 685 4.9765
0 80 685 2.6475
7 80 694 4.9765
0 80 694 2.6475
7 80 703 4.9765
0 80 703 2.6475
7 80 712 4.9765
0 80 712 2.6475
7 80 721 4.9765
0 80 721 2.6475
7 80 730 4.9765
0 80 730 2.6475
7 80 739 4.9765
0 80 739 2.6475
7 80 748 4.9765
0 80 748 2.6475
7 80 757 4.9765
0 80 757 2.6475
7 80 766 4.9765
0 80 766 2.6475
7 80 775 4.9765
0 80 775 2.6475
7 100 208 4.9765
0 100 208 2.6475
7 100 217 4.9765
0 100 217 2.6475
7 100 226 4.9765
0 100 226 2.6475
7 100 235 4.9765
0 100 235 2.6475
7 100 244 4.9765
0 100 244 2.6475
7 100 253 4.9765
0 100 253 2.6475
7 100 262 4.9765
0 100 262 2.6475
7 100 271 4.9765
0 100 271 2.6475
7 100 280 4.9765
0 100 280 2.6475
7 100 289 4.9765
0 100 289 2.6475
7 100 298 4.9765
0 100 298 2.6475
7 108.314 293.416 4.9765
0 108.314 293.416 2.6475
7 116.173 288.097 4.9765
0 116.173 288.097 2.6475
7 124.026 282.77 4.9765
0 124.026 282.77 2.6475
7 131.872 277.429 4.9765
0 131.872 277.429 2.6475
7 139.705 272.073 4.9765
0 139.705 272.073 2.6475
7 147.528 266.699 4.9765
0 147.528 266.699 2.6475
7 155.34 261.312 4.9765
0 155.34 261.312 2.6475
7 163.148 255.914 4.9765
0 163.148 255.914 2.6475
7 170.951 250.518 4.9765
0 170.951 250.518 2.6475
9 178.772 245.136 4.9765
0 178.772 245.136 2.6475
8 186.692 239.917 4.9765
0 186.692 239.917 2.6475
13 155.795 290.324 4.9765
0 155.795 290.324 2.6475
9 188.959 249.055 4.9765
0 188.959 249.055 2.6475
7 185.119 257.686 4.9765
0 185.119 257.686 2.6475
7 180.312 265.776 4.9765
0 180.312 265.776 2.6475
7 172.543 271.16 4.9765
0 172.543 271.16 2.6475
7 169.935 280.205 4.9765
0 169.935 280.205 2.6475
7 164.993 288.281 4.9765
0 164.993 288.281 2.6475
7 162.177 297.239 4.9765
0 162.177 297.239 2.6475
7 171.378 295.233 4.9765
0 171.378 295.233 2.6475
7 178.364 301.638 4.9765
0 178.364 301.638 2.6475
7 187.392 304.523 4.9765
0 187.392 304.523 2.6475
7 196.49 307.263 4.9765
0 196.49 307.263 2.6475
7 205.757 309.329 4.9765
0 205.757 309.329 2.6475
7 215.097 311.174 4.9765
0 215.097 311.174 2.6475
7 224.41 312.926 4.9765
0 224.41 312.926 2.6475
7 233.77 314.782 4.9765
0 233.77 314.782 2.6475
7 242.971 316.816 4.9765
0 242.971 316.816 2.6475
7 252.27 319.174 4.9765
0 252.27 319.174 2.6475
7 261.218 321.792 4.9765
0 261.218 321.792 2.6475
7 270.428 324.867 4.9765
0 270.428 324.867 2.6475
7 278.973 328.075 4.9765
0 278.973 328.075 2.6475
7 288.145 331.933 4.9765
0 288.145 331.933 2.6475
7 296.538 335.902 4.9765
0 296.538 335.902 2.6475
9 305.038 340.087 4.9765
0 305.038 340.087 2.6475
8 308.005 350.105 4.9765
0 308.005 350.105 2.6475
9 298.764 349.407 4.9765
0 298.764 349.407 2.6475
7 289.214 347.555 4.9765
0 289.214 347.555 2.6475
7 279.882 345.868 4.9765
0 279.882 345.868 2.6475
7 270.507 344.479 4.9765
0 270.507 344.479 2.6475
7 261.084 343.458 4.9765
0 261.084 343.458 2.6475
7 251.624 342.875 4.9765
0 251.624 342.875 2.6475
7 242.144 342.798 4.9765
0 242.144 342.798 2.6475
7 232.676 343.283 4.9765
0 232.676 343.283 2.6475
7 223.257 344.37 4.9765
0 223.257 344.37 2.6475
9 213.931 346.084 4.9765
0 213.931 346.084 2.6475
8 204.734 348.402 4.9765
0 204.734 348.402 2.6475
9 195.224 347.606 4.9765
0 195.224 347.606 2.6475
7 185.692 347.129 4.9765
0 185.692 347.129 2.6475
7 176.15 346.942 4.9765
0 176.15 346.942 2.6475
7 166.606 347.006 4.9765
0 166.606 347.006 2.6475
7 157.066 347.287 4.9765
0 157.066 347.287 2.6475
7 147.533 347.758 4.9765
0 147.533 347.758 2.6475
7 138.009 348.395 4.9765
0 138.009 348.395 2.6475
7 128.496 349.17 4.9765
0 128.496 349.17 2.6475
7 118.991 350.052 4.9765
0 118.991 350.052 2.6475
7 109.494 351.007 4.9765
