cells = zeros(587,4);
cells = [-1 505 505 505
3 591.798 455.989 9.953
0 591.798 455.989 5.295
3 597.212 416.766 9.953
0 597.212 416.766 5.295
3 596.555 436.66 9.953
0 596.555 436.66 5.295
3 614.609 428.277 9.953
0 614.609 428.277 5.295
3 624.345 445.639 9.953
0 624.345 445.639 5.295
3 611.171 460.562 9.953
0 611.171 460.562 5.295
3 639.122 432.302 9.953
0 639.122 432.302 5.295
3 643.081 452.361 9.953
0 643.081 452.361 5.295
3 661.112 428.823 9.953
0 661.112 428.823 5.295
3 677.411 440.25 9.953
0 677.411 440.25 5.295
3 662.941 453.919 9.953
0 662.941 453.919 5.295
3 697.313 440.64 9.953
0 697.313 440.64 5.295
3 685.204 458.968 9.953
0 685.204 458.968 5.295
3 587.933 475.515 9.953
0 587.933 475.515 5.295
3 607.306 480.088 9.953
0 607.306 480.088 5.295
3 651.664 470.321 9.953
0 651.664 470.321 5.295
3 629.643 467.981 9.953
0 629.643 467.981 5.295
3 671.356 473.268 9.953
0 671.356 473.268 5.295
3 704.067 465.382 9.953
0 704.067 465.382 5.295
3 695.822 483.5 9.953
0 695.822 483.5 5.295
3 583.536 494.929 9.953
0 583.536 494.929 5.295
3 602.391 501.31 9.953
0 602.391 501.31 5.295
3 621.08 494.458 9.953
0 621.08 494.458 5.295
3 638.905 485.6 9.953
0 638.905 485.6 5.295
0 645.306 504.557 9.953
0 645.306 504.557 5.295
0 658.516 489.011 9.953
0 658.516 489.011 5.295
0 664.932 507.881 9.953
0 664.932 507.881 5.295
3 678.101 492.564 9.953
0 678.101 492.564 5.295
3 715.727 483.301 9.953
0 715.727 483.301 5.295
3 713.955 503.128 9.953
0 713.955 503.128 5.295
3 720.416 521.956 9.953
0 720.416 521.956 5.295
3 550.273 516.801 9.953
0 550.273 516.801 5.295
3 566.996 506.003 9.953
0 566.996 506.003 5.295
3 581.36 519.784 9.953
0 581.36 519.784 5.295
3 601.031 522.826 9.953
0 601.031 522.826 5.295
3 583.94 539.522 9.953
0 583.94 539.522 5.295
3 618.996 514.254 9.953
0 618.996 514.254 5.295
3 620.551 534.099 9.953
0 620.551 534.099 5.295
0 637.038 522.664 9.953
0 637.038 522.664 5.295
3 643.955 541.329 9.953
0 643.955 541.329 5.295
3 656.664 525.988 9.953
0 656.664 525.988 5.295
3 694.091 504.418 9.953
0 694.091 504.418 5.295
3 680.643 520.736 9.953
0 680.643 520.736 5.295
3 700.552 523.245 9.953
0 700.552 523.245 5.295
3 603.32 544.066 9.953
0 603.32 544.066 5.295
3 591.335 561.678 9.953
0 591.335 561.678 5.295
3 572.342 555.719 9.953
0 572.342 555.719 5.295
3 611.123 563.837 9.953
0 611.123 563.837 5.295
3 608.825 583.609 9.953
0 608.825 583.609 5.295
3 627.718 552.844 9.953
0 627.718 552.844 5.295
3 671.989 538.691 9.953
0 671.989 538.691 5.295
3 659.29 554.02 9.953
0 659.29 554.02 5.295
3 656.002 576.79 9.953
0 656.002 576.79 5.295
3 692.635 580.356 9.953
0 692.635 580.356 5.295
3 673.676 586.422 9.953
0 673.676 586.422 5.295
3 663.93 603.778 9.953
0 663.93 603.778 5.295
3 705.381 542.556 9.953
0 705.381 542.556 5.295
3 687.459 551.217 9.953
0 687.459 551.217 5.295
3 674.76 566.546 9.953
0 674.76 566.546 5.295
7 80 235 4.9765
0 80 235 2.6475
7 80 244 4.9765
0 80 244 2.6475
7 80 253 4.9765
0 80 253 2.6475
7 80 262 4.9765
0 80 262 2.6475
7 80 271 4.9765
0 80 271 2.6475
7 80 280 4.9765
0 80 280 2.6475
7 80 289 4.9765
0 80 289 2.6475
7 80 298 4.9765
0 80 298 2.6475
7 80 307 4.9765
0 80 307 2.6475
7 80 316 4.9765
0 80 316 2.6475
7 80 325 4.9765
0 80 325 2.6475
7 80 334 4.9765
0 80 334 2.6475
7 80 343 4.9765
0 80 343 2.6475
7 80 352 4.9765
0 80 352 2.6475
7 80 361 4.9765
0 80 361 2.6475
7 80 370 4.9765
0 80 370 2.6475
7 80 379 4.9765
0 80 379 2.6475
7 80 388 4.9765
0 80 388 2.6475
7 80 397 4.9765
0 80 397 2.6475
7 80 406 4.9765
0 80 406 2.6475
7 80 415 4.9765
0 80 415 2.6475
7 80 424 4.9765
0 80 424 2.6475
7 80 433 4.9765
0 80 433 2.6475
7 80 442 4.9765
0 80 442 2.6475
7 80 451 4.9765
0 80 451 2.6475
7 80 460 4.9765
0 80 460 2.6475
7 80 469 4.9765
0 80 469 2.6475
7 80 478 4.9765
0 80 478 2.6475
7 80 487 4.9765
0 80 487 2.6475
7 80 496 4.9765
0 80 496 2.6475
7 80 505 4.9765
0 80 505 2.6475
7 80 514 4.9765
0 80 514 2.6475
7 80 523 4.9765
0 80 523 2.6475
7 80 532 4.9765
0 80 532 2.6475
7 80 541 4.9765
0 80 541 2.6475
7 80 550 4.9765
0 80 550 2.6475
7 80 559 4.9765
0 80 559 2.6475
7 80 568 4.9765
0 80 568 2.6475
7 80 577 4.9765
0 80 577 2.6475
7 80 586 4.9765
0 80 586 2.6475
7 80 595 4.9765
0 80 595 2.6475
7 80 604 4.9765
0 80 604 2.6475
7 80 613 4.9765
0 80 613 2.6475
7 80 622 4.9765
0 80 622 2.6475
7 80 631 4.9765
0 80 631 2.6475
7 80 640 4.9765
0 80 640 2.6475
7 80 649 4.9765
0 80 649 2.6475
7 80 658 4.9765
0 80 658 2.6475
7 80 667 4.9765
0 80 667 2.6475
7 80 676 4.9765
0 80 676 2.6475
7 80 685 4.9765
0 80 685 2.6475
7 80 694 4.9765
0 80 694 2.6475
7 80 703 4.9765
0 80 703 2.6475
7 80 712 4.9765
0 80 712 2.6475
7 80 721 4.9765
0 80 721 2.6475
7 80 730 4.9765
0 80 730 2.6475
7 80 739 4.9765
0 80 739 2.6475
7 80 748 4.9765
0 80 748 2.6475
7 80 757 4.9765
0 80 757 2.6475
7 80 766 4.9765
0 80 766 2.6475
7 80 775 4.9765
0 80 775 2.6475
7 100 208 4.9765
0 100 208 2.6475
7 100 217 4.9765
0 100 217 2.6475
7 100 226 4.9765
0 100 226 2.6475
7 100 235 4.9765
0 100 235 2.6475
7 100 244 4.9765
0 100 244 2.6475
7 100 253 4.9765
0 100 253 2.6475
7 100 262 4.9765
0 100 262 2.6475
7 100 271 4.9765
0 100 271 2.6475
7 100 280 4.9765
0 100 280 2.6475
7 100 289 4.9765
0 100 289 2.6475
7 100 298 4.9765
0 100 298 2.6475
7 108.937 301.05 4.9765
0 108.937 301.05 2.6475
7 111.609 310.128 4.9765
0 111.609 310.128 2.6475
7 118.251 303.378 4.9765
0 118.251 303.378 2.6475
7 120.772 312.361 4.9765
0 120.772 312.361 2.6475
7 127.286 305.696 4.9765
0 127.286 305.696 2.6475
7 136.833 306.715 4.9765
0 136.833 306.715 2.6475
7 146.18 305.54 4.9765
0 146.18 305.54 2.6475
7 155.372 303.122 4.9765
0 155.372 303.122 2.6475
7 164.064 299.394 4.9765
0 164.064 299.394 2.6475
7 172.221 294.546 4.9765
0 172.221 294.546 2.6475
7 179.719 288.806 4.9765
0 179.719 288.806 2.6475
9 188.078 284.34 4.9765
0 188.078 284.34 2.6475
8 197.395 282.748 4.9765
0 197.395 282.748 2.6475
9 195.721 292.092 4.9765
0 195.721 292.092 2.6475
7 190.722 300.135 4.9765
0 190.722 300.135 2.6475
7 183.441 306.229 4.9765
0 183.441 306.229 2.6475
7 174.749 309.932 4.9765
0 174.749 309.932 2.6475
7 182.271 315.595 4.9765
0 182.271 315.595 2.6475
7 191.312 318.431 4.9765
0 191.312 318.431 2.6475
7 200.739 317.43 4.9765
0 200.739 317.43 2.6475
7 210.222 316.812 4.9765
0 210.222 316.812 2.6475
7 219.671 315.747 4.9765
0 219.671 315.747 2.6475
7 229.111 314.64 4.9765
0 229.111 314.64 2.6475
7 238.53 313.443 4.9765
0 238.53 313.443 2.6475
7 247.946 312.241 4.9765
0 247.946 312.241 2.6475
7 257.351 311.052 4.9765
0 257.351 311.052 2.6475
7 266.801 310.292 4.9765
0 266.801 310.292 2.6475
7 276.265 310.066 4.9765
0 276.265 310.066 2.6475
7 285.667 308.971 4.9765
0 285.667 308.971 2.6475
9 295.05 310.13 4.9765
0 295.05 310.13 2.6475
8 302.983 315.28 4.9765
0 302.983 315.28 2.6475
9 295.405 320.98 4.9765
0 295.405 320.98 2.6475
7 286.293 323.598 4.9765
0 286.293 323.598 2.6475
7 276.862 324.652 4.9765
0 276.862 324.652 2.6475
7 267.375 325.07 4.9765
0 267.375 325.07 2.6475
7 257.888 325.583 4.9765
0 257.888 325.583 2.6475
7 248.459 326.779 4.9765
0 248.459 326.779 2.6475
7 239.067 328.237 4.9765
0 239.067 328.237 2.6475
7 229.654 329.548 4.9765
0 229.654 329.548 2.6475
7 220.223 330.705 4.9765
0 220.223 330.705 2.6475
7 210.783 331.763 4.9765
0 210.783 331.763 2.6475
7 201.335 332.696 4.9765
0 201.335 332.696 2.6475
7 191.873 333.468 4.9765
0 191.873 333.468 2.6475
7 182.419 334.094 4.9765
0 182.419 334.094 2.6475
7 172.942 334.62 4.9765
0 172.942 334.62 2.6475
7 163.489 335.173 4.9765
0 163.489 335.173 2.6475
7 154.021 335.763 4.9765
0 154.021 335.763 2.6475
7 144.664 336.852 4.9765
0 144.664 336.852 2.6475
7 135.166 337.864 4.9765
0 135.166 337.864 2.6475
7 126.514 341.499 4.9765
0 126.514 341.499 2.6475
7 119.061 335.688 4.9765
0 119.061 335.688 2.6475
7 117.507 345.015 4.9765
0 117.507 345.015 2.6475
7 110.307 339.204 4.9765
0 110.307 339.204 2.6475
7 108.884 348.31 4.9765
0 108.884 348.31 2.6475
7 100 352 4.9765
0 100 352 2.6475
7 100 361 4.9765
0 100 361 2.6475
7 100 370 4.9765
0 100 370 2.6475
7 100 379 4.9765
0 100 379 2.6475
7 100 388 4.9765
