cells = zeros(3375,4);
cells = [-1 505 505 505
3 389.099 332.883 9.953
0 389.099 332.883 5.295
3 393.185 352.235 9.953
0 393.185 352.235 5.295
3 372.528 322.146 9.953
0 372.528 322.146 5.295
3 356.361 310.805 9.953
0 356.361 310.805 5.295
3 356.286 333.366 9.953
0 356.286 333.366 5.295
3 335.6 288.901 9.953
0 335.6 288.901 5.295
1 309.765 286.585 9.953
0 309.765 286.585 5.295
3 321.388 302.633 9.953
0 321.388 302.633 5.295
3 319.81 324.3 9.953
0 319.81 324.3 5.295
3 337.041 314.71 9.953
0 337.041 314.71 5.295
5 289.026 278.385 8.77772
0 289.026 278.385 4.66975
5 273.595 286.002 8.77772
0 273.595 286.002 4.66975
1 274.466 304.602 9.953
0 274.466 304.602 5.295
1 292.543 296.584 9.953
0 292.543 296.584 5.295
3 304.235 312.381 9.953
0 304.235 312.381 5.295
3 301.846 332.607 9.953
0 301.846 332.607 5.295
1 254.915 307.748 9.953
0 254.915 307.748 5.295
3 286.299 320.432 9.953
0 286.299 320.432 5.295
1 266.848 323.383 9.953
0 266.848 323.383 5.295
2 264.106 342.843 9.953
0 264.106 342.843 5.295
1 283.54 339.985 9.953
0 283.54 339.985 5.295
3 336.611 334.527 9.953
0 336.611 334.527 5.295
3 334.77 354.142 9.953
0 334.77 354.142 5.295
3 317.973 343.924 9.953
0 317.973 343.924 5.295
3 427.731 338.568 9.953
0 427.731 338.568 5.295
3 407.936 339.031 9.953
0 407.936 339.031 5.295
3 467.097 336.618 9.953
0 467.097 336.618 5.295
3 447.51 339.733 9.953
0 447.51 339.733 5.295
3 459.498 355.585 9.953
0 459.498 355.585 5.295
3 473.754 372.991 9.953
0 473.754 372.991 5.295
3 493.505 370.827 9.953
0 493.505 370.827 5.295
3 486.948 389.597 9.953
0 486.948 389.597 5.295
3 514.712 358.869 9.953
0 514.712 358.869 5.295
3 511.03 380.195 9.953
0 511.03 380.195 5.295
0 501.436 399.173 5.295
0 501.436 399.173 0
0 512.483 413.853 5.295
0 512.483 413.853 0
0 493.283 415.81 5.295
0 493.283 415.81 0
0 504.748 429.924 5.295
0 504.748 429.924 0
0 540.294 433.606 5.295
0 540.294 433.606 0
3 611.098 357.752 9.953
0 611.098 357.752 5.295
3 630.75 361.817 9.953
0 630.75 361.817 5.295
3 525.379 324.431 9.953
0 525.379 324.431 5.295
3 539.526 338.353 9.953
0 539.526 338.353 5.295
3 558.418 349.174 9.953
0 558.418 349.174 5.295
3 586.016 358.096 9.953
0 586.016 358.096 5.295
3 597.94 373.974 9.953
0 597.94 373.974 5.295
3 617.609 376.681 9.953
0 617.609 376.681 5.295
0 610.531 406.649 5.295
0 610.531 406.649 0
0 600.535 423.856 5.295
0 600.535 423.856 0
3 623.352 318.951 9.953
0 623.352 318.951 5.295
3 638.97 331.277 9.953
0 638.97 331.277 5.295
3 653.625 344.733 9.953
0 653.625 344.733 5.295
3 663.958 362.08 9.953
0 663.958 362.08 5.295
3 683.077 377.896 9.953
0 683.077 377.896 5.295
0 620.767 425.573 5.295
0 620.767 425.573 0
3 656.076 400.957 9.953
0 656.076 400.957 5.295
0 637.739 413.969 5.295
0 637.739 413.969 0
0 624.032 454.386 5.295
0 624.032 454.386 0
0 630.478 441.544 5.295
0 630.478 441.544 0
0 609.207 440.071 5.295
0 609.207 440.071 0
0 590.006 442.021 5.295
0 590.006 442.021 0
0 593.683 457.743 5.295
0 593.683 457.743 0
3 720.372 379.776 9.953
0 720.372 379.776 5.295
3 701.348 385.248 9.953
0 701.348 385.248 5.295
3 714.582 399.899 9.953
0 714.582 399.899 5.295
3 675.372 405.631 9.953
0 675.372 405.631 5.295
0 678.246 438.015 5.295
0 678.246 438.015 0
0 682.716 455.941 5.295
0 682.716 455.941 0
0 666.117 458.752 5.295
0 666.117 458.752 0
3 702.164 365.01 9.953
0 702.164 365.01 5.295
3 730.871 411.143 9.953
0 730.871 411.143 5.295
0 695.907 466.217 5.295
0 695.907 466.217 0
0 677.543 474.274 5.295
0 677.543 474.274 0
3 748.68 434.219 9.953
0 748.68 434.219 5.295
3 728.383 430.822 9.953
0 728.383 430.822 5.295
3 735.515 449.337 9.953
0 735.515 449.337 5.295
3 530.603 376.726 9.953
0 530.603 376.726 5.295
3 561.749 400.838 9.953
0 561.749 400.838 5.295
0 549.823 417.659 5.295
0 549.823 417.659 0
0 570.603 414.84 5.295
0 570.603 414.84 0
3 587.732 401.675 9.953
0 587.732 401.675 5.295
0 583.929 427.731 5.295
0 583.929 427.731 0
0 550.402 446.053 5.295
0 550.402 446.053 0
0 571.595 443.523 5.295
0 571.595 443.523 0
0 654.462 475.727 9.953
0 654.462 475.727 5.295
0 657.777 421.511 5.295
0 657.777 421.511 0
0 659.166 443.567 5.295
0 659.166 443.567 0
0 642.814 432.308 5.295
0 642.814 432.308 0
0 641.316 451.516 5.295
0 641.316 451.516 0
0 640.915 466.936 5.295
0 640.915 466.936 0
3 741.919 468.122 9.953
0 741.919 468.122 5.295
3 755.049 453.065 9.953
0 755.049 453.065 5.295
3 741.981 487.975 9.953
0 741.981 487.975 5.295
3 373.192 346.045 9.953
0 373.192 346.045 5.295
3 419.74 356.755 9.953
0 419.74 356.755 5.295
3 354.565 353.085 9.953
0 354.565 353.085 5.295
3 364.471 370.227 9.953
0 364.471 370.227 5.295
3 384.223 369.833 9.953
0 384.223 369.833 5.295
3 374.723 387.202 9.953
0 374.723 387.202 5.295
3 404.024 368.875 9.953
0 404.024 368.875 5.295
0 415.552 386.897 5.295
0 415.552 386.897 0
0 428.046 402.029 5.295
0 428.046 402.029 0
3 344.737 371.035 9.953
0 344.737 371.035 5.295
3 334.716 388.044 9.953
0 334.716 388.044 5.295
3 354.955 387.837 9.953
0 354.955 387.837 5.295
3 345.003 404.928 9.953
0 345.003 404.928 5.295
3 365.099 404.742 9.953
0 365.099 404.742 5.295
3 384.948 404.167 9.953
0 384.948 404.167 5.295
3 355.168 421.908 9.953
0 355.168 421.908 5.295
3 394.57 386.733 9.953
0 394.57 386.733 5.295
3 404.814 404.545 9.953
0 404.814 404.545 5.295
0 419.215 418.337 5.295
0 419.215 418.337 0
3 375.031 421.812 9.953
0 375.031 421.812 5.295
3 394.831 421.684 9.953
0 394.831 421.684 5.295
0 438.078 420.12 5.295
0 438.078 420.12 0
3 403.938 439.28 9.953
0 403.938 439.28 5.295
3 385.546 446.704 9.953
0 385.546 446.704 5.295
3 352.368 451.135 9.953
0 352.368 451.135 5.295
3 370.383 459.502 9.953
0 370.383 459.502 5.295
3 389.126 466.224 9.953
0 389.126 466.224 5.295
3 439.572 357.928 9.953
0 439.572 357.928 5.295
3 434.196 377.042 9.953
0 434.196 377.042 5.295
3 453.977 374.944 9.953
0 453.977 374.944 5.295
0 444.81 394.413 5.295
0 444.81 394.413 0
0 455.451 412.291 5.295
0 455.451 412.291 0
0 464.367 394.333 5.295
0 464.367 394.333 0
0 475.803 410.484 5.295
0 475.803 410.484 0
0 483.289 428.851 5.295
0 483.289 428.851 0
0 496.217 445.629 5.295
0 496.217 445.629 0
0 465.545 427.826 5.295
0 465.545 427.826 0
3 423.786 439.761 9.953
0 423.786 439.761 5.295
0 475.554 448.137 5.295
0 475.554 448.137 0
0 449.996 438.026 5.295
0 449.996 438.026 0
3 438.491 453.104 9.953
0 438.491 453.104 5.295
0 510.524 447.523 5.295
0 510.524 447.523 0
3 464.717 460.449 9.953
0 464.717 460.449 5.295
0 477.546 480.084 5.295
0 477.546 480.084 0
0 561.177 430.84 5.295
0 561.177 430.84 0
0 520.937 397.235 5.295
0 520.937 397.235 0
3 543.288 393.413 9.953
0 543.288 393.413 5.295
0 532.291 412 5.295
0 532.291 412 0
0 521.304 426.985 5.295
0 521.304 426.985 0
0 580.302 457.806 5.295
0 580.302 457.806 0
0 607.059 477.197 5.295
0 607.059 477.197 0
0 594.022 491.413 5.295
0 594.022 491.413 0
0 593.604 471.219 5.295
0 593.604 471.219 0
0 573.802 489.785 5.295
0 573.802 489.785 0
0 626.847 479.989 5.295
0 626.847 479.989 0
0 606.729 453.317 5.295
0 606.729 453.317 0
0 617.405 462.647 5.295
0 617.405 462.647 0
0 617.982 500.222 5.295
0 617.982 500.222 0
0 667.266 491.26 9.953
0 667.266 491.26 5.295
0 716.528 526.798 9.953
0 716.528 526.798 5.295
0 701.301 513.214 9.953
0 701.301 513.214 5.295
0 735.736 521.758 9.953
0 735.736 521.758 5.295
0 771.789 508.964 9.953
0 771.789 508.964 5.295
3 761.44 471.893 9.953
0 761.44 471.893 5.295
3 761.807 491.766 9.953
0 761.807 491.766 5.295
3 779.795 529.762 9.953
0 779.795 529.762 5.295
0 502.819 524.464 5.295
0 502.819 524.464 0
0 516.092 566.476 5.295
0 516.092 566.476 0
0 498.904 556.556 5.295
0 498.904 556.556 0
0 486.55 570.665 5.295
0 486.55 570.665 0
3 501.737 571.511 9.953
0 501.737 571.511 5.295
0 491.546 504.268 5.295
0 491.546 504.268 0
0 483.074 525.338 5.295
0 483.074 525.338 0
0 473.072 543.16 5.295
0 473.072 543.16 0
0 453.178 538.658 5.295
0 453.178 538.658 0
0 437.307 547.985 12.1899
0 437.307 547.985 6.48502
3 428.06 568.14 9.953
0 428.06 568.14 5.295
3 437.094 585.705 9.953
0 437.094 585.705 5.295
0 481.593 556.647 5.295
0 481.593 556.647 0
