cells = zeros(1235,4);
cells = [-1 505 505 505
3 591.798 455.988 9.953
0 591.798 455.988 5.295
3 597.212 416.765 9.953
0 597.212 416.765 5.295
3 596.555 436.66 9.953
0 596.555 436.66 5.295
3 614.609 428.276 9.953
0 614.609 428.276 5.295
3 624.345 445.639 9.953
0 624.345 445.639 5.295
3 611.171 460.561 9.953
0 611.171 460.561 5.295
3 639.123 432.302 9.953
0 639.123 432.302 5.295
3 643.082 452.361 9.953
0 643.082 452.361 5.295
3 661.112 428.823 9.953
0 661.112 428.823 5.295
3 677.411 440.249 9.953
0 677.411 440.249 5.295
3 662.941 453.918 9.953
0 662.941 453.918 5.295
3 697.313 440.64 9.953
0 697.313 440.64 5.295
3 685.204 458.968 9.953
0 685.204 458.968 5.295
3 587.932 475.515 9.953
0 587.932 475.515 5.295
3 607.305 480.088 9.953
0 607.305 480.088 5.295
3 651.664 470.321 9.953
0 651.664 470.321 5.295
3 629.643 467.98 9.953
0 629.643 467.98 5.295
3 671.356 473.268 9.953
0 671.356 473.268 5.295
3 704.067 465.381 9.953
0 704.067 465.381 5.295
3 695.823 483.5 9.953
0 695.823 483.5 5.295
3 583.535 494.929 9.953
0 583.535 494.929 5.295
3 602.39 501.311 9.953
0 602.39 501.311 5.295
3 621.079 494.458 9.953
0 621.079 494.458 5.295
0 638.905 485.6 9.953
0 638.905 485.6 5.295
0 645.306 504.556 9.953
0 645.306 504.556 5.295
0 658.515 489.011 9.953
0 658.515 489.011 5.295
0 664.933 507.881 9.953
0 664.933 507.881 5.295
0 678.101 492.564 9.953
0 678.101 492.564 5.295
3 715.728 483.301 9.953
0 715.728 483.301 5.295
3 713.956 503.128 9.953
0 713.956 503.128 5.295
3 720.417 521.956 9.953
0 720.417 521.956 5.295
3 550.272 516.801 9.953
0 550.272 516.801 5.295
3 566.995 506.003 9.953
0 566.995 506.003 5.295
3 581.359 519.784 9.953
0 581.359 519.784 5.295
3 601.031 522.827 9.953
0 601.031 522.827 5.295
3 583.94 539.522 9.953
0 583.94 539.522 5.295
3 618.996 514.254 9.953
0 618.996 514.254 5.295
3 620.551 534.099 9.953
0 620.551 534.099 5.295
0 637.038 522.664 9.953
0 637.038 522.664 5.295
3 643.955 541.329 9.953
0 643.955 541.329 5.295
0 656.664 525.988 9.953
0 656.664 525.988 5.295
3 694.092 504.418 9.953
0 694.092 504.418 5.295
3 680.643 520.736 9.953
0 680.643 520.736 5.295
3 700.553 523.246 9.953
0 700.553 523.246 5.295
3 603.32 544.066 9.953
0 603.32 544.066 5.295
3 591.335 561.678 9.953
0 591.335 561.678 5.295
3 572.342 555.719 9.953
0 572.342 555.719 5.295
3 611.123 563.837 9.953
0 611.123 563.837 5.295
3 608.825 583.61 9.953
0 608.825 583.61 5.295
3 627.718 552.844 9.953
0 627.718 552.844 5.295
3 671.989 538.691 9.953
0 671.989 538.691 5.295
3 659.29 554.02 9.953
0 659.29 554.02 5.295
3 656.002 576.79 9.953
0 656.002 576.79 5.295
3 692.635 580.356 9.953
0 692.635 580.356 5.295
3 673.676 586.422 9.953
0 673.676 586.422 5.295
3 663.93 603.779 9.953
0 663.93 603.779 5.295
3 705.382 542.557 9.953
0 705.382 542.557 5.295
3 687.459 551.217 9.953
0 687.459 551.217 5.295
3 674.76 566.546 9.953
0 674.76 566.546 5.295
7 80 235 4.9765
0 80 235 2.6475
7 80 244 4.9765
0 80 244 2.6475
7 80 253 4.9765
0 80 253 2.6475
7 80 262 4.9765
0 80 262 2.6475
7 80 271 4.9765
0 80 271 2.6475
7 80 280 4.9765
0 80 280 2.6475
7 80 289 4.9765
0 80 289 2.6475
7 80 298 4.9765
0 80 298 2.6475
7 80 307 4.9765
0 80 307 2.6475
7 80 316 4.9765
0 80 316 2.6475
7 80 325 4.9765
0 80 325 2.6475
7 80 334 4.9765
0 80 334 2.6475
7 80 343 4.9765
0 80 343 2.6475
7 80 352 4.9765
0 80 352 2.6475
7 80 361 4.9765
0 80 361 2.6475
7 80 370 4.9765
0 80 370 2.6475
7 80 379 4.9765
0 80 379 2.6475
7 80 388 4.9765
0 80 388 2.6475
7 80 397 4.9765
0 80 397 2.6475
7 80 406 4.9765
0 80 406 2.6475
7 80 415 4.9765
0 80 415 2.6475
7 80 424 4.9765
0 80 424 2.6475
7 80 433 4.9765
0 80 433 2.6475
7 80 442 4.9765
0 80 442 2.6475
7 80 451 4.9765
0 80 451 2.6475
7 80 460 4.9765
0 80 460 2.6475
7 80 469 4.9765
0 80 469 2.6475
7 80 478 4.9765
0 80 478 2.6475
7 80 487 4.9765
0 80 487 2.6475
7 80 496 4.9765
0 80 496 2.6475
7 80 505 4.9765
0 80 505 2.6475
7 80 514 4.9765
0 80 514 2.6475
7 80 523 4.9765
0 80 523 2.6475
7 80 532 4.9765
0 80 532 2.6475
7 80 541 4.9765
0 80 541 2.6475
7 80 550 4.9765
0 80 550 2.6475
7 80 559 4.9765
0 80 559 2.6475
7 80 568 4.9765
0 80 568 2.6475
7 80 577 4.9765
0 80 577 2.6475
7 80 586 4.9765
0 80 586 2.6475
7 80 595 4.9765
0 80 595 2.6475
7 80 604 4.9765
0 80 604 2.6475
7 80 613 4.9765
0 80 613 2.6475
7 80 622 4.9765
0 80 622 2.6475
7 80 631 4.9765
0 80 631 2.6475
7 80 640 4.9765
0 80 640 2.6475
7 80 649 4.9765
0 80 649 2.6475
7 80 658 4.9765
0 80 658 2.6475
7 80 667 4.9765
0 80 667 2.6475
7 80 676 4.9765
0 80 676 2.6475
7 80 685 4.9765
0 80 685 2.6475
7 80 694 4.9765
0 80 694 2.6475
7 80 703 4.9765
0 80 703 2.6475
7 80 712 4.9765
0 80 712 2.6475
7 80 721 4.9765
0 80 721 2.6475
7 80 730 4.9765
0 80 730 2.6475
7 80 739 4.9765
0 80 739 2.6475
7 80 748 4.9765
0 80 748 2.6475
7 80 757 4.9765
0 80 757 2.6475
7 80 766 4.9765
0 80 766 2.6475
7 80 775 4.9765
0 80 775 2.6475
7 100 208 4.9765
0 100 208 2.6475
7 100 217 4.9765
0 100 217 2.6475
7 100 226 4.9765
0 100 226 2.6475
7 100 235 4.9765
0 100 235 2.6475
7 100 244 4.9765
0 100 244 2.6475
7 100 253 4.9765
0 100 253 2.6475
7 100 262 4.9765
0 100 262 2.6475
7 100 271 4.9765
0 100 271 2.6475
7 100 280 4.9765
0 100 280 2.6475
7 100 289 4.9765
0 100 289 2.6475
7 100 298 4.9765
0 100 298 2.6475
7 109.358 299.223 4.9765
0 109.358 299.223 2.6475
7 118.749 300.164 4.9765
0 118.749 300.164 2.6475
7 128.184 300.427 4.9765
0 128.184 300.427 2.6475
7 137.607 299.841 4.9765
0 137.607 299.841 2.6475
7 146.915 298.259 4.9765
0 146.915 298.259 2.6475
7 156.019 295.746 4.9765
0 156.019 295.746 2.6475
7 164.872 292.453 4.9765
0 164.872 292.453 2.6475
7 173.47 288.535 4.9765
0 173.47 288.535 2.6475
7 181.864 284.195 4.9765
0 181.864 284.195 2.6475
7 190.093 279.546 4.9765
0 190.093 279.546 2.6475
7 198.228 274.734 4.9765
0 198.228 274.734 2.6475
7 206.31 269.831 4.9765
0 206.31 269.831 2.6475
7 214.386 264.921 4.9765
0 214.386 264.921 2.6475
7 222.486 260.05 4.9765
0 222.486 260.05 2.6475
7 230.659 255.311 4.9765
0 230.659 255.311 2.6475
7 238.836 250.572 4.9765
0 238.836 250.572 2.6475
7 247.209 246.211 4.9765
0 247.209 246.211 2.6475
7 255.612 241.886 4.9765
0 255.612 241.886 2.6475
7 264.107 237.792 4.9765
0 264.107 237.792 2.6475
7 272.706 233.865 4.9765
0 272.706 233.865 2.6475
7 281.36 230.149 4.9765
0 281.36 230.149 2.6475
7 290.134 226.617 4.9765
0 290.134 226.617 2.6475
7 298.94 223.314 4.9765
0 298.94 223.314 2.6475
7 307.883 220.211 4.9765
0 307.883 220.211 2.6475
7 316.837 217.364 4.9765
0 316.837 217.364 2.6475
7 325.935 214.743 4.9765
0 325.935 214.743 2.6475
7 335.029 212.399 4.9765
0 335.029 212.399 2.6475
7 344.259 210.301 4.9765
0 344.259 210.301 2.6475
7 353.48 208.468 4.9765
0 353.48 208.468 2.6475
7 362.766 206.863 4.9765
0 362.766 206.863 2.6475
7 372.142 205.446 4.9765
0 372.142 205.446 2.6475
7 381.423 204.204 4.9765
0 381.423 204.204 2.6475
7 390.899 203.081 4.9765
0 390.899 203.081 2.6475
7 400.454 202.061 4.9765
0 400.454 202.061 2.6475
7 409.523 201.407 4.9765
0 409.523 201.407 2.6475
7 419.176 200.156 4.9765
0 419.176 200.156 2.6475
7 428.54 202.342 4.9765
0 428.54 202.342 2.6475
7 435.877 196.765 4.03647
0 435.877 196.765 2.14741
11 441.848 201.843 4.03647
0 441.848 201.843 2.14741
8 450.095 205.058 4.9765
0 450.095 205.058 2.6475
11 443.601 210.555 4.03647
0 443.601 210.555 2.14741
7 439.654 217.487 4.03647
0 439.654 217.487 2.14741
7 431.464 215.176 4.9765
0 431.464 215.176 2.6475
7 422.045 215.104 4.9765
0 422.045 215.104 2.6475
7 412.624 215.155 4.9765
0 412.624 215.155 2.6475
7 403.234 215.91 4.9765
0 403.234 215.91 2.6475
7 393.864 216.895 4.9765
0 393.864 216.895 2.6475
7 384.678 218.982 4.9765
0 384.678 218.982 2.6475
7 375.256 219.063 4.9765
0 375.256 219.063 2.6475
7 365.916 220.29 4.9765
0 365.916 220.29 2.6475
7 356.515 220.928 4.9765
0 356.515 220.928 2.6475
7 347.128 221.725 4.9765
0 347.128 221.725 2.6475
7 338.42 225.324 4.9765
0 338.42 225.324 2.6475
7 329.028 226.084 4.9765
0 329.028 226.084 2.6475
7 319.927 228.526 4.9765
0 319.927 228.526 2.6475
7 311.452 232.648 4.9765
0 311.452 232.648 2.6475
7 302.463 235.475 4.9765
