cells = zeros(2313,4);
cells = [-1 505 505 505
1 562.26 439.278 9.953
0 562.26 439.278 5.295
3 599.715 408.172 9.953
0 599.715 408.172 5.295
3 596.953 448.529 9.953
0 596.953 448.529 5.295
3 633.255 402.875 9.953
0 633.255 402.875 5.295
3 619.241 445.043 9.953
0 619.241 445.043 5.295
3 610.625 462.893 9.953
0 610.625 462.893 5.295
3 674.775 425.736 9.953
0 674.775 425.736 5.295
3 638.522 449.761 9.953
0 638.522 449.761 5.295
3 674.923 405.871 9.953
0 674.923 405.871 5.295
3 692.894 433.925 9.953
0 692.894 433.925 5.295
3 665.922 477.501 9.953
0 665.922 477.501 5.295
3 713.934 438.4 9.953
0 713.934 438.4 5.295
3 700.892 453.438 9.953
0 700.892 453.438 5.295
3 577.06 452.405 9.953
0 577.06 452.405 5.295
3 590.176 467.147 9.953
0 590.176 467.147 5.295
0 649.886 465.921 9.953
0 649.886 465.921 5.295
3 629.901 467.623 9.953
0 629.901 467.623 5.295
3 710.049 478.179 9.953
0 710.049 478.179 5.295
3 719.802 460.835 9.953
0 719.802 460.835 5.295
3 720.636 496.463 9.953
0 720.636 496.463 5.295
3 569.462 473.603 9.953
0 569.462 473.603 5.295
3 584.577 486.465 9.953
0 584.577 486.465 5.295
3 603.717 481.436 9.953
0 603.717 481.436 5.295
0 642.402 484.146 9.953
0 642.402 484.146 5.295
0 665.333 523.04 9.953
0 665.333 523.04 5.295
0 677.016 506.573 9.953
0 677.016 506.573 5.295
0 685.774 524.273 9.953
0 685.774 524.273 5.295
0 714.413 524.673 9.953
0 714.413 524.673 5.295
3 730.556 479.213 9.953
0 730.556 479.213 5.295
3 740.194 500.443 9.953
0 740.194 500.443 5.295
3 742.119 536.867 9.953
0 742.119 536.867 5.295
1 533.429 543.766 9.953
0 533.429 543.766 5.295
1 549.459 478.293 9.953
0 549.459 478.293 5.295
3 563.33 492.502 9.953
0 563.33 492.502 5.295
3 620.761 505.849 9.953
0 620.761 505.849 5.295
3 607.238 521.043 9.953
0 607.238 521.043 5.295
3 622.832 486.187 9.953
0 622.832 486.187 5.295
3 634 554.045 9.953
0 634 554.045 5.295
0 645.038 537.447 9.953
0 645.038 537.447 5.295
3 658.609 551.853 9.953
0 658.609 551.853 5.295
0 674.769 540.582 9.953
0 674.769 540.582 5.295
3 733.371 519.055 9.953
0 733.371 519.055 5.295
0 695.535 541.475 9.953
0 695.535 541.475 5.295
3 715.158 544.431 9.953
0 715.158 544.431 5.295
3 614.923 559.495 9.953
0 614.923 559.495 5.295
3 596.902 568.564 9.953
0 596.902 568.564 5.295
3 566.954 543.847 9.953
0 566.954 543.847 5.295
3 637.126 584.778 9.953
0 637.126 584.778 5.295
3 588.681 588.915 9.953
0 588.681 588.915 5.295
3 649.013 569.063 9.953
0 649.013 569.063 5.295
3 681.094 559.313 9.953
0 681.094 559.313 5.295
3 668.159 574.315 9.953
0 668.159 574.315 5.295
3 656.12 590.037 9.953
0 656.12 590.037 5.295
3 703.622 589.971 9.953
0 703.622 589.971 5.295
3 675.59 593.518 9.953
0 675.59 593.518 5.295
3 661.685 609.046 9.953
0 661.685 609.046 5.295
3 720.824 563.414 9.953
0 720.824 563.414 5.295
3 700.901 560.559 9.953
0 700.901 560.559 5.295
3 687.848 577.934 9.953
0 687.848 577.934 5.295
7 80 235 4.9765
0 80 235 2.6475
7 80 244 4.9765
0 80 244 2.6475
7 80 253 4.9765
0 80 253 2.6475
7 80 262 4.9765
0 80 262 2.6475
7 80 271 4.9765
0 80 271 2.6475
7 80 280 4.9765
0 80 280 2.6475
7 80 289 4.9765
0 80 289 2.6475
7 80 298 4.9765
0 80 298 2.6475
7 80 307 4.9765
0 80 307 2.6475
7 80 316 4.9765
0 80 316 2.6475
7 80 325 4.9765
0 80 325 2.6475
7 80 334 4.9765
0 80 334 2.6475
7 80 343 4.9765
0 80 343 2.6475
7 80 352 4.9765
0 80 352 2.6475
7 80 361 4.9765
0 80 361 2.6475
7 80 370 4.9765
0 80 370 2.6475
7 80 379 4.9765
0 80 379 2.6475
7 80 388 4.9765
0 80 388 2.6475
7 80 397 4.9765
0 80 397 2.6475
7 80 406 4.9765
0 80 406 2.6475
7 80 415 4.9765
0 80 415 2.6475
7 80 424 4.9765
0 80 424 2.6475
7 80 433 4.9765
0 80 433 2.6475
7 80 442 4.9765
0 80 442 2.6475
7 80 451 4.9765
0 80 451 2.6475
7 80 460 4.9765
0 80 460 2.6475
7 80 469 4.9765
0 80 469 2.6475
7 80 478 4.9765
0 80 478 2.6475
7 80 487 4.9765
0 80 487 2.6475
7 80 496 4.9765
0 80 496 2.6475
7 80 505 4.9765
0 80 505 2.6475
7 80 514 4.9765
0 80 514 2.6475
7 80 523 4.9765
0 80 523 2.6475
7 80 532 4.9765
0 80 532 2.6475
7 80 541 4.9765
0 80 541 2.6475
7 80 550 4.9765
0 80 550 2.6475
7 80 559 4.9765
0 80 559 2.6475
7 80 568 4.9765
0 80 568 2.6475
7 80 577 4.9765
0 80 577 2.6475
7 80 586 4.9765
0 80 586 2.6475
7 80 595 4.9765
0 80 595 2.6475
7 80 604 4.9765
0 80 604 2.6475
7 80 613 4.9765
0 80 613 2.6475
7 80 622 4.9765
0 80 622 2.6475
7 80 631 4.9765
0 80 631 2.6475
7 80 640 4.9765
0 80 640 2.6475
7 80 649 4.9765
0 80 649 2.6475
7 80 658 4.9765
0 80 658 2.6475
7 80 667 4.9765
0 80 667 2.6475
7 80 676 4.9765
0 80 676 2.6475
7 80 685 4.9765
0 80 685 2.6475
7 80 694 4.9765
0 80 694 2.6475
7 80 703 4.9765
0 80 703 2.6475
7 80 712 4.9765
0 80 712 2.6475
7 80 721 4.9765
0 80 721 2.6475
7 80 730 4.9765
0 80 730 2.6475
7 80 739 4.9765
0 80 739 2.6475
7 80 748 4.9765
0 80 748 2.6475
7 80 757 4.9765
0 80 757 2.6475
7 80 766 4.9765
0 80 766 2.6475
7 80 775 4.9765
0 80 775 2.6475
7 100 208 4.9765
0 100 208 2.6475
7 100 217 4.9765
0 100 217 2.6475
7 100 226 4.9765
0 100 226 2.6475
7 100 235 4.9765
0 100 235 2.6475
7 100 244 4.9765
0 100 244 2.6475
7 100 253 4.9765
0 100 253 2.6475
7 100 262 4.9765
0 100 262 2.6475
7 100 271 4.9765
0 100 271 2.6475
7 100 280 4.9765
0 100 280 2.6475
7 100 289 4.9765
0 100 289 2.6475
7 100 298 4.9765
0 100 298 2.6475
7 108.288 293.494 4.9765
0 108.288 293.494 2.6475
7 114.21 300.822 4.9765
0 114.21 300.822 2.6475
7 117.615 292.038 4.9765
0 117.615 292.038 2.6475
7 123.519 299.379 4.9765
0 123.519 299.379 2.6475
7 126.944 290.602 4.9765
0 126.944 290.602 2.6475
7 136.209 288.799 4.9765
0 136.209 288.799 2.6475
7 145.38 286.568 4.9765
0 145.38 286.568 2.6475
7 154.475 284.046 4.9765
0 154.475 284.046 2.6475
7 163.487 281.245 4.9765
0 163.487 281.245 2.6475
7 172.416 278.189 4.9765
0 172.416 278.189 2.6475
7 181.262 274.902 4.9765
0 181.262 274.902 2.6475
7 190.029 271.41 4.9765
0 190.029 271.41 2.6475
7 198.723 267.743 4.9765
0 198.723 267.743 2.6475
7 207.353 263.93 4.9765
0 207.353 263.93 2.6475
7 215.932 260.002 4.9765
0 215.932 260.002 2.6475
7 224.47 255.989 4.9765
0 224.47 255.989 2.6475
7 232.981 251.92 4.9765
0 232.981 251.92 2.6475
7 241.479 247.824 4.9765
0 241.479 247.824 2.6475
7 249.975 243.725 4.9765
0 249.975 243.725 2.6475
7 258.5 239.689 4.9765
0 258.5 239.689 2.6475
7 267.065 235.737 4.9765
0 267.065 235.737 2.6475
7 275.676 231.888 4.9765
0 275.676 231.888 2.6475
7 284.339 228.158 4.9765
0 284.339 228.158 2.6475
7 293.056 224.556 4.9765
0 293.056 224.556 2.6475
7 301.827 221.088 4.9765
0 301.827 221.088 2.6475
7 310.65 217.756 4.9765
0 310.65 217.756 2.6475
7 319.508 214.514 4.9765
0 319.508 214.514 2.6475
7 328.425 211.441 4.9765
0 328.425 211.441 2.6475
7 337.412 208.578 4.9765
0 337.412 208.578 2.6475
7 346.468 205.94 4.9765
0 346.468 205.94 2.6475
7 355.588 203.533 4.9765
0 355.588 203.533 2.6475
7 364.766 201.355 4.9765
0 364.766 201.355 2.6475
7 373.994 199.396 4.9765
0 373.994 199.396 2.6475
7 383.26 197.632 4.9765
0 383.26 197.632 2.6475
7 392.554 196.009 4.9765
0 392.554 196.009 2.6475
7 401.871 194.528 4.9765
0 401.871 194.528 2.6475
7 411.205 193.159 4.9765
0 411.205 193.159 2.6475
7 420.551 191.868 4.9765
0 420.551 191.868 2.6475
7 429.902 190.611 4.9765
0 429.902 190.611 2.6475
7 439.251 189.336 4.9765
0 439.251 189.336 2.6475
7 448.589 187.98 4.9765
0 448.589 187.98 2.6475
7 457.903 186.469 4.9765
0 457.903 186.469 2.6475
7 467.177 184.726 4.9765
0 467.177 184.726 2.6475
7 476.387 182.673 4.9765
0 476.387 182.673 2.6475
7 485.507 180.25 4.9765
0 485.507 180.25 2.6475
7 494.51 177.422 4.9765
0 494.51 177.422 2.6475
7 503.381 174.202 4.9765
0 503.381 174.202 2.6475
7 512.13 170.664 4.9765
0 512.13 170.664 2.6475
7 520.798 166.929 4.9765
0 520.798 166.929 2.6475
7 529.461 163.184 4.9765
0 529.461 163.184 2.6475
7 538.124 159.433 4.9765
0 538.124 159.433 2.6475
7 547.22 156.912 4.9765
0 547.22 156.912 2.6475
7 555.12 151.737 4.9765
0 555.12 151.737 2.6475
9 564.547 151.126 4.9765
0 564.547 151.126 2.6475
8 573.819 153.033 4.9765
0 573.819 153.033 2.6475
9 568.892 161.098 4.9765
0 568.892 161.098 2.6475
7 563.892 169.1 4.9765
0 563.892 169.1 2.6475
