cells = zeros(3349,4);
cells = [-1 505 505 505
3 606.562 480.299 9.953
0 606.562 480.299 5.295
1 629.64 286.751 9.953
0 629.64 286.751 5.295
1 648.2 291.146 9.953
0 648.2 291.146 5.295
5 683.669 286.146 9.0858
0 683.669 286.146 4.83365
5 666.493 289.982 9.0858
0 666.493 289.982 4.83365
1 647.962 310.58 9.953
0 647.962 310.58 5.295
1 595.365 259.608 9.953
0 595.365 259.608 5.295
5 611.561 263.197 7.41853
0 611.561 263.197 3.94666
5 623.243 271.245 7.41853
0 623.243 271.245 3.94666
1 601.231 278.221 9.953
0 601.231 278.221 5.295
1 612.131 294.41 9.953
0 612.131 294.41 5.295
5 681.247 261.361 9.0858
0 681.247 261.361 4.83365
5 695.192 272.642 9.0858
0 695.192 272.642 4.83365
1 668.041 308.665 9.953
0 668.041 308.665 5.295
3 659.653 326.32 9.953
0 659.653 326.32 5.295
1 640.164 328.435 9.953
0 640.164 328.435 5.295
3 665.801 344.786 9.953
0 665.801 344.786 5.295
3 648.423 353.219 9.953
0 648.423 353.219 5.295
3 645.647 372.607 9.953
0 645.647 372.607 5.295
3 629.215 355.468 9.953
0 629.215 355.468 5.295
3 611.221 362.423 9.953
0 611.221 362.423 5.295
3 626.209 375.052 9.953
0 626.209 375.052 5.295
1 562.41 286.797 9.953
0 562.41 286.797 5.295
1 552.678 304.147 9.953
0 552.678 304.147 5.295
1 536.733 319.704 9.953
0 536.733 319.704 5.295
1 556.099 323.401 9.953
0 556.099 323.401 5.295
5 570.269 302.531 8.12659
0 570.269 302.531 4.32335
5 580.355 314.594 8.12659
0 580.355 314.594 4.32335
1 575.426 331.241 9.953
0 575.426 331.241 5.295
2 577.213 350.371 9.953
0 577.213 350.371 5.295
3 614.409 342.209 9.953
0 614.409 342.209 5.295
1 595.064 330.13 9.953
0 595.064 330.13 5.295
1 596.492 349.72 9.953
0 596.492 349.72 5.295
1 687.762 313.089 9.953
0 687.762 313.089 5.295
3 679.045 330.522 9.953
0 679.045 330.522 5.295
3 681.352 356.338 9.953
0 681.352 356.338 5.295
3 663.939 365.475 9.953
0 663.939 365.475 5.295
3 698.829 364.993 9.953
0 698.829 364.993 5.295
3 698.427 384.657 9.953
0 698.427 384.657 5.295
3 680.748 375.881 9.953
0 680.748 375.881 5.295
3 663.219 385.315 9.953
0 663.219 385.315 5.295
3 644.573 392.15 9.953
0 644.573 392.15 5.295
1 560.959 360.646 9.953
0 560.959 360.646 5.295
1 548.98 375.809 9.953
0 548.98 375.809 5.295
3 556.891 393.713 9.953
0 556.891 393.713 5.295
3 568.459 378.4 9.953
0 568.459 378.4 5.295
3 587.542 376.715 9.953
0 587.542 376.715 5.295
3 601.707 389.657 9.953
0 601.707 389.657 5.295
3 566.647 410.675 9.953
0 566.647 410.675 5.295
3 580.516 396.512 9.953
0 580.516 396.512 5.295
3 582.954 421.594 9.953
0 582.954 421.594 5.295
3 603.011 431.102 9.953
0 603.011 431.102 5.295
3 586.213 440.933 9.953
0 586.213 440.933 5.295
3 620.385 440.336 9.953
0 620.385 440.336 5.295
3 603.951 450.924 9.953
0 603.951 450.924 5.295
3 659.17 405.332 9.953
0 659.17 405.332 5.295
3 669.648 422.031 9.953
0 669.648 422.031 5.295
3 682.875 407.437 9.953
0 682.875 407.437 5.295
3 688.88 426.262 9.953
0 688.88 426.262 5.295
3 692.108 445.75 9.953
0 692.108 445.75 5.295
3 653.797 433.579 9.953
0 653.797 433.579 5.295
3 672.795 441.574 9.953
0 672.795 441.574 5.295
3 708.152 430.335 9.953
0 708.152 430.335 5.295
3 727.425 370.92 9.953
0 727.425 370.92 5.295
3 714.493 396.001 9.953
0 714.493 396.001 5.295
3 741.273 384.985 9.953
0 741.273 384.985 5.295
3 732.956 402.906 9.953
0 732.956 402.906 5.295
3 702.194 411.492 9.953
0 702.194 411.492 5.295
3 725.683 421.269 9.953
0 725.683 421.269 5.295
3 714.338 448.984 9.953
0 714.338 448.984 5.295
3 745.332 418.341 9.953
0 745.332 418.341 5.295
3 734.645 438.873 9.953
0 734.645 438.873 5.295
1 494.075 394.577 9.953
0 494.075 394.577 5.295
3 493.691 414.051 9.953
0 493.691 414.051 5.295
3 503.338 430.846 9.953
0 503.338 430.846 5.295
3 483.564 431.099 9.953
0 483.564 431.099 5.295
3 495.74 448.579 9.953
0 495.74 448.579 5.295
1 415.775 397.813 9.953
0 415.775 397.813 5.295
1 434.629 404.136 9.953
0 434.629 404.136 5.295
3 442.313 422.408 9.953
0 442.313 422.408 5.295
5 423.599 420.468 9.0858
0 423.599 420.468 4.83365
5 415.732 436.702 9.0858
0 415.732 436.702 4.83365
3 460.101 414.191 9.953
0 460.101 414.191 5.295
1 476.86 404.144 9.953
0 476.86 404.144 5.295
3 445.842 441.756 9.953
0 445.842 441.756 5.295
3 428.274 450.767 9.953
0 428.274 450.767 5.295
3 463.906 433.563 9.953
0 463.906 433.563 5.295
3 522.403 427.544 9.953
0 522.403 427.544 5.295
3 518.635 446.674 9.953
0 518.635 446.674 5.295
3 533.312 459.804 9.953
0 533.312 459.804 5.295
3 537.572 439.76 9.953
0 537.572 439.76 5.295
3 551.829 453.028 9.953
0 551.829 453.028 5.295
3 626.092 492.845 9.953
0 626.092 492.845 5.295
0 694.332 484.207 9.953
0 694.332 484.207 5.295
3 674.639 482.669 9.953
0 674.639 482.669 5.295
3 713.711 487.903 9.953
0 713.711 487.903 5.295
3 754.493 439.548 9.953
0 754.493 439.548 5.295
3 728.75 500.697 9.953
0 728.75 500.697 5.295
3 589.725 469.99 9.953
0 589.725 469.99 5.295
0 591.659 484.858 5.295
0 591.659 484.858 0
0 641.134 491.365 5.295
0 641.134 491.365 0
3 637.449 476.708 9.953
0 637.449 476.708 5.295
0 655.112 485.559 9.953
0 655.112 485.559 5.295
0 666.286 501.872 9.953
0 666.286 501.872 5.295
0 689.039 503.198 9.953
0 689.039 503.198 5.295
0 696.205 521.62 9.953
0 696.205 521.62 5.295
0 709.728 507.226 9.953
0 709.728 507.226 5.295
3 747.957 495.784 9.953
0 747.957 495.784 5.295
3 742.697 514.724 9.953
0 742.697 514.724 5.295
3 758.531 528.238 9.953
0 758.531 528.238 5.295
3 486.391 465.548 9.953
0 486.391 465.548 5.295
3 512.738 482.229 9.953
0 512.738 482.229 5.295
3 557.962 491.362 9.953
0 557.962 491.362 5.295
3 538.994 486.28 9.953
0 538.994 486.28 5.295
0 543.058 500.911 5.295
0 543.058 500.911 0
0 564.44 522.354 5.295
0 564.44 522.354 0
0 572.853 535.192 5.295
0 572.853 535.192 0
0 548.732 521.523 5.295
0 548.732 521.523 0
0 556.236 528.935 5.295
0 556.236 528.935 0
0 541.521 529.099 5.295
0 541.521 529.099 0
3 504.287 499.883 9.953
0 504.287 499.883 5.295
3 492.749 484.08 9.953
0 492.749 484.08 5.295
0 523.864 498.209 9.953
0 523.864 498.209 5.295
3 535.525 514.1 9.953
0 535.525 514.1 5.295
3 473.401 487.723 9.953
0 473.401 487.723 5.295
3 485.122 503.449 9.953
0 485.122 503.449 5.295
0 515.68 515.648 9.953
0 515.68 515.648 5.295
3 454.106 503.608 9.953
0 454.106 503.608 5.295
3 470.594 516.47 9.953
0 470.594 516.47 5.295
3 455.077 528.303 9.953
0 455.077 528.303 5.295
0 489.226 523.685 9.953
0 489.226 523.685 5.295
3 473.585 535.905 9.953
0 473.585 535.905 5.295
3 457.739 547.798 9.953
0 457.739 547.798 5.295
3 526.643 531.703 9.953
0 526.643 531.703 5.295
0 507.016 532.859 9.953
0 507.016 532.859 5.295
0 539.473 539.352 5.295
0 539.473 539.352 0
0 510.965 551.944 9.953
0 510.965 551.944 5.295
0 495.384 563.806 9.953
0 495.384 563.806 5.295
0 525.157 546.601 5.295
0 525.157 546.601 0
3 513.745 571.365 9.953
0 513.745 571.365 5.295
3 414.402 513.715 9.953
0 414.402 513.715 5.295
1 368.709 470.768 9.953
0 368.709 470.768 5.295
3 382.06 485.494 9.953
0 382.06 485.494 5.295
3 370.645 501.711 9.953
0 370.645 501.711 5.295
1 358.188 517.111 9.953
0 358.188 517.111 5.295
3 379.296 519.621 9.953
0 379.296 519.621 5.295
3 398.658 525.803 9.953
0 398.658 525.803 5.295
3 420.455 532.532 9.953
0 420.455 532.532 5.295
3 404.846 544.596 9.953
0 404.846 544.596 5.295
3 439.689 540.359 9.953
0 439.689 540.359 5.295
3 442.101 559.894 9.953
0 442.101 559.894 5.295
3 383.817 538.956 9.953
0 383.817 538.956 5.295
3 408.833 563.984 9.953
0 408.833 563.984 5.295
3 412.229 585.371 9.953
0 412.229 585.371 5.295
3 401.09 601.523 9.953
0 401.09 601.523 5.295
3 364.894 544.841 9.953
0 364.894 544.841 5.295
3 371.249 563.327 9.953
0 371.249 563.327 5.295
3 390.129 557.749 9.953
0 390.129 557.749 5.295
3 394.529 577.15 9.953
0 394.529 577.15 5.295
3 375.843 582.274 9.953
0 375.843 582.274 5.295
1 345.334 586.64 9.953
0 345.334 586.64 5.295
1 294.522 624.618 9.953
0 294.522 624.618 5.295
2 302.53 642.452 9.953
0 302.53 642.452 5.295
1 310.947 660.195 9.953
0 310.947 660.195 5.295
1 333.175 625.646 9.953
0 333.175 625.646 5.295
1 313.941 621.513 9.953
0 313.941 621.513 5.295
1 322.099 642.013 9.953
0 322.099 642.013 5.295
