cells = zeros(2473,4);
cells = [-1 505 505 505
3 596.527 457.31 9.953
0 596.527 457.31 5.295
3 639.92 400.95 9.953
0 639.92 400.95 5.295
3 606.523 419.063 9.953
0 606.523 419.063 5.295
3 651.44 384.868 9.953
0 651.44 384.868 5.295
3 633.574 424.992 9.953
0 633.574 424.992 5.295
3 651.151 433.735 9.953
0 651.151 433.735 5.295
3 654.556 414.265 9.953
0 654.556 414.265 5.295
3 670.839 432.958 9.953
0 670.839 432.958 5.295
3 674.077 410.955 9.953
0 674.077 410.955 5.295
3 692.276 418.805 9.953
0 692.276 418.805 5.295
3 689.816 438.492 9.953
0 689.816 438.492 5.295
3 712.032 420.672 9.953
0 712.032 420.672 5.295
3 715.755 440.201 9.953
0 715.755 440.201 5.295
2 516.482 428.162 9.953
0 516.482 428.162 5.295
1 536.209 429.281 9.953
0 536.209 429.281 5.295
3 555.445 433.517 9.953
0 555.445 433.517 5.295
3 612.923 468.313 9.953
0 612.923 468.313 5.295
0 688.834 480.477 9.953
0 688.834 480.477 5.295
3 670.554 473.104 9.953
0 670.554 473.104 5.295
3 708.394 483.098 9.953
0 708.394 483.098 5.295
3 740.788 442.971 9.953
0 740.788 442.971 5.295
3 722.604 498.242 9.953
0 722.604 498.242 5.295
3 576.872 456.124 9.953
0 576.872 456.124 5.295
3 587.63 474.769 9.953
0 587.63 474.769 5.295
3 624.796 484.597 9.953
0 624.796 484.597 5.295
3 637.897 470.082 9.953
0 637.897 470.082 5.295
0 653.264 482.451 9.953
0 653.264 482.451 5.295
0 663.456 499.404 9.953
0 663.456 499.404 5.295
0 683.326 499.516 9.953
0 683.326 499.516 5.295
0 692.905 518.928 9.953
0 692.905 518.928 5.295
0 703.178 502.128 9.953
0 703.178 502.128 5.295
3 744.173 498.766 9.953
0 744.173 498.766 5.295
3 733.842 515.756 9.953
0 733.842 515.756 5.295
3 745.995 531.661 9.953
0 745.995 531.661 5.295
1 498.161 460.38 9.953
0 498.161 460.38 5.295
3 515.759 469.359 9.953
0 515.759 469.359 5.295
3 548.722 470.335 9.953
0 548.722 470.335 5.295
3 533.884 482.878 9.953
0 533.884 482.878 5.295
3 540.249 501.405 9.953
0 540.249 501.405 5.295
3 554.962 514.52 9.953
0 554.962 514.52 5.295
3 565.789 540.241 9.953
0 565.789 540.241 5.295
3 536.311 520.598 9.953
0 536.311 520.598 5.295
3 546.475 537.381 9.953
0 546.475 537.381 5.295
3 518.99 529.613 9.953
0 518.99 529.613 5.295
3 499.072 499.426 9.953
0 499.072 499.426 5.295
1 497.005 479.969 9.953
0 497.005 479.969 5.295
3 515.453 489.033 9.953
0 515.453 489.033 5.295
3 520.719 508.382 9.953
0 520.719 508.382 5.295
1 480.538 492.329 9.953
0 480.538 492.329 5.295
1 484.128 511.773 9.953
0 484.128 511.773 5.295
3 502.702 518.664 9.953
0 502.702 518.664 5.295
1 464.849 515.229 9.953
0 464.849 515.229 5.295
1 455.63 532.434 9.953
0 455.63 532.434 5.295
1 474.272 538.625 9.953
0 474.272 538.625 5.295
1 460.71 552.455 9.953
0 460.71 552.455 5.295
3 493.547 535.972 9.953
0 493.547 535.972 5.295
3 480.804 557.14 9.953
0 480.804 557.14 5.295
3 509.733 546.838 9.953
0 509.733 546.838 5.295
3 484.643 576.427 9.953
0 484.643 576.427 5.295
1 478.014 594.873 9.953
0 478.014 594.873 5.295
3 499.499 563.559 9.953
0 499.499 563.559 5.295
3 509.39 580.599 9.953
0 509.39 580.599 5.295
1 441.947 557.565 9.953
0 441.947 557.565 5.295
1 424.98 566.983 9.953
0 424.98 566.983 5.295
1 442.594 577.583 9.953
0 442.594 577.583 5.295
2 409.254 598.165 9.953
0 409.254 598.165 5.295
1 424.622 586.343 9.953
0 424.622 586.343 5.295
1 440.64 597.279 9.953
0 440.64 597.279 5.295
1 501.372 615.236 9.953
0 501.372 615.236 5.295
1 481.74 614.086 9.953
0 481.74 614.086 5.295
1 462.393 571.883 9.953
0 462.393 571.883 5.295
2 458.979 591.062 9.953
0 458.979 591.062 5.295
1 462.374 610.441 9.953
0 462.374 610.441 5.295
3 529.38 546.915 9.953
0 529.38 546.915 5.295
3 556.338 557.396 9.953
0 556.338 557.396 5.295
3 576.028 557.026 9.953
0 576.028 557.026 5.295
3 566.534 574.282 9.953
0 566.534 574.282 5.295
3 548.8 582.858 9.953
0 548.8 582.858 5.295
3 529.022 583.18 9.953
0 529.022 583.18 5.295
3 516.881 598.785 9.953
0 516.881 598.785 5.295
3 519.349 563.84 9.953
0 519.349 563.84 5.295
3 538.767 565.968 9.953
0 538.767 565.968 5.295
3 497.449 596.042 9.953
0 497.449 596.042 5.295
1 520.215 620.625 9.953
0 520.215 620.625 5.295
3 537.243 449.034 9.953
0 537.243 449.034 5.295
1 516.091 449.434 9.953
0 516.091 449.434 5.295
3 557.491 452.931 9.953
0 557.491 452.931 5.295
3 568.011 473.903 9.953
0 568.011 473.903 5.295
3 605.272 486.568 9.953
0 605.272 486.568 5.295
3 616.977 502.616 9.953
0 616.977 502.616 5.295
3 632.319 515.061 9.953
0 632.319 515.061 5.295
3 604.724 538.105 9.953
0 604.724 538.105 5.295
3 615.294 554.79 9.953
0 615.294 554.79 5.295
3 640.108 497.046 9.953
0 640.108 497.046 5.295
3 667.56 535.457 9.953
0 667.56 535.457 5.295
0 673.253 516.57 9.953
0 673.253 516.57 5.295
3 677.297 554.746 9.953
0 677.297 554.746 5.295
0 687.188 537.76 9.953
0 687.188 537.76 5.295
3 714.187 518.7 9.953
0 714.187 518.7 5.295
0 706.908 537.175 9.953
0 706.908 537.175 5.295
3 726.611 535.703 9.953
0 726.611 535.703 5.295
3 653.323 549.048 9.953
0 653.323 549.048 5.295
3 644.424 566.567 9.953
0 644.424 566.567 5.295
3 579.633 613.264 9.953
0 579.633 613.264 5.295
3 568.673 629.986 9.953
0 568.673 629.986 5.295
3 588.054 633.482 9.953
0 588.054 633.482 5.295
3 547.387 632.058 9.953
0 547.387 632.058 5.295
1 559.571 647.555 9.953
0 559.571 647.555 5.295
3 573.047 522.061 9.953
0 573.047 522.061 5.295
3 585.174 537.671 9.953
0 585.174 537.671 5.295
3 586.311 573.908 9.953
0 586.311 573.908 5.295
3 595.589 555.555 9.953
0 595.589 555.555 5.295
3 606.011 572.291 9.953
0 606.011 572.291 5.295
3 640.167 585.742 9.953
0 640.167 585.742 5.295
3 620.436 585.721 9.953
0 620.436 585.721 5.295
3 599.777 591.108 9.953
0 599.777 591.108 5.295
3 614.396 604.546 9.953
0 614.396 604.546 5.295
3 599.106 617.087 9.953
0 599.106 617.087 5.295
3 663.939 569.147 9.953
0 663.939 569.147 5.295
3 697.095 555.167 9.953
0 697.095 555.167 5.295
3 680.324 581.512 9.953
0 680.324 581.512 5.295
3 662.06 588.759 9.953
0 662.06 588.759 5.295
3 706.163 593.375 9.953
0 706.163 593.375 5.295
3 684.331 600.987 9.953
0 684.331 600.987 5.295
3 670.587 615.322 9.953
0 670.587 615.322 5.295
3 732.54 554.632 9.953
0 732.54 554.632 5.295
3 715.022 563.729 9.953
0 715.022 563.729 5.295
3 698.854 574.961 9.953
0 698.854 574.961 5.295
7 80 235 4.9765
0 80 235 2.6475
7 80 244 4.9765
0 80 244 2.6475
7 80 253 4.9765
0 80 253 2.6475
7 80 262 4.9765
0 80 262 2.6475
7 80 271 4.9765
0 80 271 2.6475
7 80 280 4.9765
0 80 280 2.6475
7 80 289 4.9765
0 80 289 2.6475
7 80 298 4.9765
0 80 298 2.6475
7 80 307 4.9765
0 80 307 2.6475
7 80 316 4.9765
0 80 316 2.6475
7 80 325 4.9765
0 80 325 2.6475
7 80 334 4.9765
0 80 334 2.6475
7 80 343 4.9765
0 80 343 2.6475
7 80 352 4.9765
0 80 352 2.6475
7 80 361 4.9765
0 80 361 2.6475
7 80 370 4.9765
0 80 370 2.6475
7 80 379 4.9765
0 80 379 2.6475
7 80 388 4.9765
0 80 388 2.6475
7 80 397 4.9765
0 80 397 2.6475
7 80 406 4.9765
0 80 406 2.6475
7 80 415 4.9765
0 80 415 2.6475
7 80 424 4.9765
0 80 424 2.6475
7 80 433 4.9765
0 80 433 2.6475
7 80 442 4.9765
0 80 442 2.6475
7 80 451 4.9765
0 80 451 2.6475
7 80 460 4.9765
0 80 460 2.6475
7 80 469 4.9765
0 80 469 2.6475
7 80 478 4.9765
0 80 478 2.6475
7 80 487 4.9765
0 80 487 2.6475
7 80 496 4.9765
0 80 496 2.6475
7 80 505 4.9765
0 80 505 2.6475
7 80 514 4.9765
0 80 514 2.6475
7 80 523 4.9765
0 80 523 2.6475
7 80 532 4.9765
0 80 532 2.6475
7 80 541 4.9765
0 80 541 2.6475
7 80 550 4.9765
0 80 550 2.6475
7 80 559 4.9765
0 80 559 2.6475
7 80 568 4.9765
0 80 568 2.6475
7 80 577 4.9765
0 80 577 2.6475
7 80 586 4.9765
0 80 586 2.6475
7 80 595 4.9765
0 80 595 2.6475
7 80 604 4.9765
0 80 604 2.6475
7 80 613 4.9765
0 80 613 2.6475
7 80 622 4.9765
0 80 622 2.6475
7 80 631 4.9765
0 80 631 2.6475
7 80 640 4.9765
0 80 640 2.6475
7 80 649 4.9765
0 80 649 2.6475
7 80 658 4.9765
0 80 658 2.6475
7 80 667 4.9765
0 80 667 2.6475
7 80 676 4.9765
0 80 676 2.6475
7 80 685 4.9765
0 80 685 2.6475
7 80 694 4.9765
0 80 694 2.6475
7 80 703 4.9765
0 80 703 2.6475
7 80 712 4.9765
0 80 712 2.6475
7 80 721 4.9765
0 80 721 2.6475
7 80 730 4.9765
0 80 730 2.6475
7 80 739 4.9765
0 80 739 2.6475
7 80 748 4.9765
0 80 748 2.6475
