cells = zeros(1719,4);
cells = [-1 505 505 505
3 583.274 456.879 9.953
0 583.274 456.879 5.295
3 606.004 403.978 9.953
0 606.004 403.978 5.295
3 602.611 452.583 9.953
0 602.611 452.583 5.295
3 633.828 406.529 9.953
0 633.828 406.529 5.295
3 622.318 454.188 9.953
0 622.318 454.188 5.295
3 614.508 472.316 9.953
0 614.508 472.316 5.295
3 660.473 436.885 9.953
0 660.473 436.885 5.295
3 645.817 452.927 9.953
0 645.817 452.927 5.295
3 671.177 420.15 9.953
0 671.177 420.15 5.295
3 680.197 439.512 9.953
0 680.197 439.512 5.295
3 666.863 455.666 9.953
0 666.863 455.666 5.295
3 700.037 440.799 9.953
0 700.037 440.799 5.295
3 686.545 458.358 9.953
0 686.545 458.358 5.295
3 583.46 476.721 9.953
0 583.46 476.721 5.295
3 600.71 486.456 9.953
0 600.71 486.456 5.295
0 654.525 471.222 9.953
0 654.525 471.222 5.295
3 634.747 469.6 9.953
0 634.747 469.6 5.295
3 674.318 474.049 9.953
0 674.318 474.049 5.295
3 705.143 465.35 9.953
0 705.143 465.35 5.295
3 696.355 483.211 9.953
0 696.355 483.211 5.295
3 583.204 496.68 9.953
0 583.204 496.68 5.295
3 600.873 506.219 9.953
0 600.873 506.219 5.295
3 620.132 493.762 9.953
0 620.132 493.762 5.295
0 639.384 488.848 9.953
0 639.384 488.848 5.295
0 647.331 506.977 9.953
0 647.331 506.977 5.295
0 659.405 490.475 9.953
0 659.405 490.475 5.295
0 667.042 508.911 9.953
0 667.042 508.911 5.295
0 679.212 493.261 9.953
0 679.212 493.261 5.295
3 716.248 483.208 9.953
0 716.248 483.208 5.295
3 714.894 503.057 9.953
0 714.894 503.057 5.295
3 721.42 521.951 9.953
0 721.42 521.951 5.295
3 549.373 517.394 9.953
0 549.373 517.394 5.295
3 565.23 505.368 9.953
0 565.23 505.368 5.295
3 581.503 516.819 9.953
0 581.503 516.819 5.295
3 603.892 525.761 9.953
0 603.892 525.761 5.295
3 586.97 536.034 9.953
0 586.97 536.034 5.295
3 620.059 513.653 9.953
0 620.059 513.653 5.295
3 621.094 535.54 9.953
0 621.094 535.54 5.295
0 637.15 523.952 9.953
0 637.15 523.952 5.295
3 645.258 542.058 9.953
0 645.258 542.058 5.295
0 656.972 526.033 9.953
0 656.972 526.033 5.295
3 695.133 505.098 9.953
0 695.133 505.098 5.295
0 681.881 522.066 9.953
0 681.881 522.066 5.295
3 701.648 523.858 9.953
0 701.648 523.858 5.295
3 604.195 545.957 9.953
0 604.195 545.957 5.295
3 594.198 563.12 9.953
0 594.198 563.12 5.295
3 568.092 542.039 9.953
0 568.092 542.039 5.295
3 613.767 566.055 9.953
0 613.767 566.055 5.295
3 608.537 585.197 9.953
0 608.537 585.197 5.295
3 629.174 553.634 9.953
0 629.174 553.634 5.295
3 671.873 539.229 9.953
0 671.873 539.229 5.295
3 660.086 555.244 9.953
0 660.086 555.244 5.295
3 656.002 576.79 9.953
0 656.002 576.79 5.295
3 692.635 580.356 9.953
0 692.635 580.356 5.295
3 673.802 586.977 9.953
0 673.802 586.977 5.295
3 663.729 604.127 9.953
0 663.729 604.127 5.295
3 705.971 543.247 9.953
0 705.971 543.247 5.295
3 687.75 551.217 9.953
0 687.75 551.217 5.295
3 675.936 567.213 9.953
0 675.936 567.213 5.295
7 80 235 4.9765
0 80 235 2.6475
7 80 244 4.9765
0 80 244 2.6475
7 80 253 4.9765
0 80 253 2.6475
7 80 262 4.9765
0 80 262 2.6475
7 80 271 4.9765
0 80 271 2.6475
7 80 280 4.9765
0 80 280 2.6475
7 80 289 4.9765
0 80 289 2.6475
7 80 298 4.9765
0 80 298 2.6475
7 80 307 4.9765
0 80 307 2.6475
7 80 316 4.9765
0 80 316 2.6475
7 80 325 4.9765
0 80 325 2.6475
7 80 334 4.9765
0 80 334 2.6475
7 80 343 4.9765
0 80 343 2.6475
7 80 352 4.9765
0 80 352 2.6475
7 80 361 4.9765
0 80 361 2.6475
7 80 370 4.9765
0 80 370 2.6475
7 80 379 4.9765
0 80 379 2.6475
7 80 388 4.9765
0 80 388 2.6475
7 80 397 4.9765
0 80 397 2.6475
7 80 406 4.9765
0 80 406 2.6475
7 80 415 4.9765
0 80 415 2.6475
7 80 424 4.9765
0 80 424 2.6475
7 80 433 4.9765
0 80 433 2.6475
7 80 442 4.9765
0 80 442 2.6475
7 80 451 4.9765
0 80 451 2.6475
7 80 460 4.9765
0 80 460 2.6475
7 80 469 4.9765
0 80 469 2.6475
7 80 478 4.9765
0 80 478 2.6475
7 80 487 4.9765
0 80 487 2.6475
7 80 496 4.9765
0 80 496 2.6475
7 80 505 4.9765
0 80 505 2.6475
7 80 514 4.9765
0 80 514 2.6475
7 80 523 4.9765
0 80 523 2.6475
7 80 532 4.9765
0 80 532 2.6475
7 80 541 4.9765
0 80 541 2.6475
7 80 550 4.9765
0 80 550 2.6475
7 80 559 4.9765
0 80 559 2.6475
7 80 568 4.9765
0 80 568 2.6475
7 80 577 4.9765
0 80 577 2.6475
7 80 586 4.9765
0 80 586 2.6475
7 80 595 4.9765
0 80 595 2.6475
7 80 604 4.9765
0 80 604 2.6475
7 80 613 4.9765
0 80 613 2.6475
7 80 622 4.9765
0 80 622 2.6475
7 80 631 4.9765
0 80 631 2.6475
7 80 640 4.9765
0 80 640 2.6475
7 80 649 4.9765
0 80 649 2.6475
7 80 658 4.9765
0 80 658 2.6475
7 80 667 4.9765
0 80 667 2.6475
7 80 676 4.9765
0 80 676 2.6475
7 80 685 4.9765
0 80 685 2.6475
7 80 694 4.9765
0 80 694 2.6475
7 80 703 4.9765
0 80 703 2.6475
7 80 712 4.9765
0 80 712 2.6475
7 80 721 4.9765
0 80 721 2.6475
7 80 730 4.9765
0 80 730 2.6475
7 80 739 4.9765
0 80 739 2.6475
7 80 748 4.9765
0 80 748 2.6475
7 80 757 4.9765
0 80 757 2.6475
7 80 766 4.9765
0 80 766 2.6475
7 80 775 4.9765
0 80 775 2.6475
7 100 208 4.9765
0 100 208 2.6475
7 100 217 4.9765
0 100 217 2.6475
7 100 226 4.9765
0 100 226 2.6475
7 100 235 4.9765
0 100 235 2.6475
7 100 244 4.9765
0 100 244 2.6475
7 100 253 4.9765
0 100 253 2.6475
7 100 262 4.9765
0 100 262 2.6475
7 100 271 4.9765
0 100 271 2.6475
7 100 280 4.9765
0 100 280 2.6475
7 100 289 4.9765
0 100 289 2.6475
7 100 298 4.9765
0 100 298 2.6475
7 109.392 297.125 4.9765
0 109.392 297.125 2.6475
7 115.063 304.647 4.9765
0 115.063 304.647 2.6475
7 118.751 295.979 4.9765
0 118.751 295.979 2.6475
7 124.415 303.509 4.9765
0 124.415 303.509 2.6475
7 128.118 294.843 4.9765
0 128.118 294.843 2.6475
7 137.384 293.098 4.9765
0 137.384 293.098 2.6475
7 146.559 290.907 4.9765
0 146.559 290.907 2.6475
7 155.624 288.305 4.9765
0 155.624 288.305 2.6475
7 164.571 285.314 4.9765
0 164.571 285.314 2.6475
7 173.388 281.966 4.9765
0 173.388 281.966 2.6475
7 182.078 278.296 4.9765
0 182.078 278.296 2.6475
7 190.647 274.354 4.9765
0 190.647 274.354 2.6475
7 199.112 270.191 4.9765
0 199.112 270.191 2.6475
7 207.494 265.863 4.9765
0 207.494 265.863 2.6475
7 215.816 261.422 4.9765
0 215.816 261.422 2.6475
7 224.105 256.918 4.9765
0 224.105 256.918 2.6475
7 232.385 252.398 4.9765
0 232.385 252.398 2.6475
7 240.677 247.899 4.9765
0 240.677 247.899 2.6475
7 249.004 243.465 4.9765
0 249.004 243.465 2.6475
7 257.402 239.167 4.9765
0 257.402 239.167 2.6475
7 265.891 235.051 4.9765
0 265.891 235.051 2.6475
7 274.431 231.042 4.9765
0 274.431 231.042 2.6475
7 283.029 227.159 4.9765
0 283.029 227.159 2.6475
7 291.689 223.415 4.9765
0 291.689 223.415 2.6475
7 300.411 219.82 4.9765
0 300.411 219.82 2.6475
7 309.194 216.378 4.9765
0 309.194 216.378 2.6475
7 318.037 213.091 4.9765
0 318.037 213.091 2.6475
7 326.927 209.935 4.9765
0 326.927 209.935 2.6475
7 335.902 207.031 4.9765
0 335.902 207.031 2.6475
7 344.915 204.248 4.9765
0 344.915 204.248 2.6475
7 354.024 201.796 4.9765
0 354.024 201.796 2.6475
7 363.166 199.475 4.9765
0 363.166 199.475 2.6475
7 372.39 197.501 4.9765
0 372.39 197.501 2.6475
7 381.644 195.68 4.9765
0 381.644 195.68 2.6475
7 390.93 194.026 4.9765
0 390.93 194.026 2.6475
7 400.244 192.546 4.9765
0 400.244 192.546 2.6475
7 409.584 191.239 4.9765
0 409.584 191.239 2.6475
7 418.945 190.101 4.9765
0 418.945 190.101 2.6475
7 428.325 189.123 4.9765
0 428.325 189.123 2.6475
7 437.718 188.298 4.9765
0 437.718 188.298 2.6475
7 447.123 187.618 4.9765
0 447.123 187.618 2.6475
7 456.536 187.075 4.9765
0 456.536 187.075 2.6475
7 465.956 186.667 4.9765
0 465.956 186.667 2.6475
7 475.38 186.395 4.9765
0 475.38 186.395 2.6475
7 484.807 186.271 4.9765
0 484.807 186.271 2.6475
7 494.233 186.323 4.9765
0 494.233 186.323 2.6475
7 503.657 186.563 4.9765
0 503.657 186.563 2.6475
7 513.068 187.09 4.9765
0 513.068 187.09 2.6475
7 522.494 187.222 4.9765
0 522.494 187.222 2.6475
7 531.517 189.946 4.9765
0 531.517 189.946 2.6475
7 539.836 185.511 4.9765
0 539.836 185.511 2.6475
9 548.295 189.7 4.9765
0 548.295 189.7 2.6475
8 555.224 196.14 4.9765
0 555.224 196.14 2.6475
9 546.834 200.47 4.9765
0 546.834 200.47 2.6475
7 541.58 208.294 4.9765
0 541.58 208.294 2.6475
7 533.891 202.851 4.9765
0 533.891 202.851 2.6475
7 524.514 201.942 4.9765
