cells = zeros(839,4);
cells = [-1 505 505 505
3 591.798 455.989 9.953
0 591.798 455.989 5.295
3 597.212 416.765 9.953
0 597.212 416.765 5.295
3 596.555 436.66 9.953
0 596.555 436.66 5.295
3 614.609 428.276 9.953
0 614.609 428.276 5.295
3 624.345 445.639 9.953
0 624.345 445.639 5.295
3 611.171 460.561 9.953
0 611.171 460.561 5.295
3 639.122 432.302 9.953
0 639.122 432.302 5.295
3 643.082 452.361 9.953
0 643.082 452.361 5.295
3 661.112 428.823 9.953
0 661.112 428.823 5.295
3 677.411 440.249 9.953
0 677.411 440.249 5.295
3 662.941 453.918 9.953
0 662.941 453.918 5.295
3 697.313 440.64 9.953
0 697.313 440.64 5.295
3 685.204 458.968 9.953
0 685.204 458.968 5.295
3 587.932 475.515 9.953
0 587.932 475.515 5.295
3 607.306 480.088 9.953
0 607.306 480.088 5.295
3 651.664 470.321 9.953
0 651.664 470.321 5.295
3 629.643 467.98 9.953
0 629.643 467.98 5.295
3 671.356 473.268 9.953
0 671.356 473.268 5.295
3 704.067 465.382 9.953
0 704.067 465.382 5.295
3 695.823 483.5 9.953
0 695.823 483.5 5.295
3 583.536 494.929 9.953
0 583.536 494.929 5.295
3 602.391 501.31 9.953
0 602.391 501.31 5.295
3 621.079 494.458 9.953
0 621.079 494.458 5.295
0 638.905 485.6 9.953
0 638.905 485.6 5.295
0 645.306 504.557 9.953
0 645.306 504.557 5.295
0 658.515 489.011 9.953
0 658.515 489.011 5.295
0 664.933 507.881 9.953
0 664.933 507.881 5.295
3 678.101 492.564 9.953
0 678.101 492.564 5.295
3 715.727 483.301 9.953
0 715.727 483.301 5.295
3 713.956 503.128 9.953
0 713.956 503.128 5.295
3 720.416 521.956 9.953
0 720.416 521.956 5.295
3 550.272 516.801 9.953
0 550.272 516.801 5.295
3 566.995 506.003 9.953
0 566.995 506.003 5.295
3 581.359 519.784 9.953
0 581.359 519.784 5.295
3 601.031 522.827 9.953
0 601.031 522.827 5.295
3 583.94 539.522 9.953
0 583.94 539.522 5.295
3 618.996 514.254 9.953
0 618.996 514.254 5.295
3 620.551 534.099 9.953
0 620.551 534.099 5.295
0 637.038 522.664 9.953
0 637.038 522.664 5.295
3 643.955 541.329 9.953
0 643.955 541.329 5.295
0 656.664 525.988 9.953
0 656.664 525.988 5.295
3 694.092 504.418 9.953
0 694.092 504.418 5.295
3 680.643 520.736 9.953
0 680.643 520.736 5.295
3 700.552 523.246 9.953
0 700.552 523.246 5.295
3 603.32 544.066 9.953
0 603.32 544.066 5.295
3 591.335 561.678 9.953
0 591.335 561.678 5.295
3 572.342 555.719 9.953
0 572.342 555.719 5.295
3 611.123 563.837 9.953
0 611.123 563.837 5.295
3 608.825 583.609 9.953
0 608.825 583.609 5.295
3 627.718 552.844 9.953
0 627.718 552.844 5.295
3 671.989 538.691 9.953
0 671.989 538.691 5.295
3 659.29 554.02 9.953
0 659.29 554.02 5.295
3 656.002 576.79 9.953
0 656.002 576.79 5.295
3 692.635 580.356 9.953
0 692.635 580.356 5.295
3 673.676 586.422 9.953
0 673.676 586.422 5.295
3 663.93 603.779 9.953
0 663.93 603.779 5.295
3 705.382 542.557 9.953
0 705.382 542.557 5.295
3 687.459 551.217 9.953
0 687.459 551.217 5.295
3 674.76 566.546 9.953
0 674.76 566.546 5.295
7 80 235 4.9765
0 80 235 2.6475
7 80 244 4.9765
0 80 244 2.6475
7 80 253 4.9765
0 80 253 2.6475
7 80 262 4.9765
0 80 262 2.6475
7 80 271 4.9765
0 80 271 2.6475
7 80 280 4.9765
0 80 280 2.6475
7 80 289 4.9765
0 80 289 2.6475
7 80 298 4.9765
0 80 298 2.6475
7 80 307 4.9765
0 80 307 2.6475
7 80 316 4.9765
0 80 316 2.6475
7 80 325 4.9765
0 80 325 2.6475
7 80 334 4.9765
0 80 334 2.6475
7 80 343 4.9765
0 80 343 2.6475
7 80 352 4.9765
0 80 352 2.6475
7 80 361 4.9765
0 80 361 2.6475
7 80 370 4.9765
0 80 370 2.6475
7 80 379 4.9765
0 80 379 2.6475
7 80 388 4.9765
0 80 388 2.6475
7 80 397 4.9765
0 80 397 2.6475
7 80 406 4.9765
0 80 406 2.6475
7 80 415 4.9765
0 80 415 2.6475
7 80 424 4.9765
0 80 424 2.6475
7 80 433 4.9765
0 80 433 2.6475
7 80 442 4.9765
0 80 442 2.6475
7 80 451 4.9765
0 80 451 2.6475
7 80 460 4.9765
0 80 460 2.6475
7 80 469 4.9765
0 80 469 2.6475
7 80 478 4.9765
0 80 478 2.6475
7 80 487 4.9765
0 80 487 2.6475
7 80 496 4.9765
0 80 496 2.6475
7 80 505 4.9765
0 80 505 2.6475
7 80 514 4.9765
0 80 514 2.6475
7 80 523 4.9765
0 80 523 2.6475
7 80 532 4.9765
0 80 532 2.6475
7 80 541 4.9765
0 80 541 2.6475
7 80 550 4.9765
0 80 550 2.6475
7 80 559 4.9765
0 80 559 2.6475
7 80 568 4.9765
0 80 568 2.6475
7 80 577 4.9765
0 80 577 2.6475
7 80 586 4.9765
0 80 586 2.6475
7 80 595 4.9765
0 80 595 2.6475
7 80 604 4.9765
0 80 604 2.6475
7 80 613 4.9765
0 80 613 2.6475
7 80 622 4.9765
0 80 622 2.6475
7 80 631 4.9765
0 80 631 2.6475
7 80 640 4.9765
0 80 640 2.6475
7 80 649 4.9765
0 80 649 2.6475
7 80 658 4.9765
0 80 658 2.6475
7 80 667 4.9765
0 80 667 2.6475
7 80 676 4.9765
0 80 676 2.6475
7 80 685 4.9765
0 80 685 2.6475
7 80 694 4.9765
0 80 694 2.6475
7 80 703 4.9765
0 80 703 2.6475
7 80 712 4.9765
0 80 712 2.6475
7 80 721 4.9765
0 80 721 2.6475
7 80 730 4.9765
0 80 730 2.6475
7 80 739 4.9765
0 80 739 2.6475
7 80 748 4.9765
0 80 748 2.6475
7 80 757 4.9765
0 80 757 2.6475
7 80 766 4.9765
0 80 766 2.6475
7 80 775 4.9765
0 80 775 2.6475
7 100 208 4.9765
0 100 208 2.6475
7 100 217 4.9765
0 100 217 2.6475
7 100 226 4.9765
0 100 226 2.6475
7 100 235 4.9765
0 100 235 2.6475
7 100 244 4.9765
0 100 244 2.6475
7 100 253 4.9765
0 100 253 2.6475
7 100 262 4.9765
0 100 262 2.6475
7 100 271 4.9765
0 100 271 2.6475
7 100 280 4.9765
0 100 280 2.6475
7 100 289 4.9765
0 100 289 2.6475
7 100 298 4.9765
0 100 298 2.6475
7 109.344 299.568 4.9765
0 109.344 299.568 2.6475
7 113.173 308.144 4.9765
0 113.173 308.144 2.6475
7 118.69 300.539 4.9765
0 118.69 300.539 2.6475
7 122.539 309.169 4.9765
0 122.539 309.169 2.6475
7 128.172 301.561 4.9765
0 128.172 301.561 2.6475
7 137.592 301.339 4.9765
0 137.592 301.339 2.6475
7 146.899 299.453 4.9765
0 146.899 299.453 2.6475
7 155.988 296.841 4.9765
0 155.988 296.841 2.6475
7 164.817 293.386 4.9765
0 164.817 293.386 2.6475
7 173.353 289.309 4.9765
0 173.353 289.309 2.6475
7 181.654 284.734 4.9765
0 181.654 284.734 2.6475
7 189.723 279.817 4.9765
0 189.723 279.817 2.6475
7 197.66 274.627 4.9765
0 197.66 274.627 2.6475
7 205.434 269.284 4.9765
0 205.434 269.284 2.6475
7 213.182 263.798 4.9765
0 213.182 263.798 2.6475
7 220.839 258.322 4.9765
0 220.839 258.322 2.6475
7 228.609 252.838 4.9765
0 228.609 252.838 2.6475
7 236.38 247.565 4.9765
0 236.38 247.565 2.6475
7 244.426 242.448 4.9765
0 244.426 242.448 2.6475
7 252.514 237.73 4.9765
0 252.514 237.73 2.6475
7 261.777 232.884 4.9765
0 261.777 232.884 2.6475
7 269.464 229.285 4.9765
0 269.464 229.285 2.6475
7 278.074 225.353 4.9765
0 278.074 225.353 2.6475
7 287.119 222.817 4.9765
0 287.119 222.817 2.6475
11 293.459 217.73 3.51892
0 293.459 217.73 1.87207
11 299.825 219.272 3.51892
0 299.825 219.272 1.87207
8 308.048 219.118 4.9765
0 308.048 219.118 2.6475
11 304.136 226.347 3.51892
0 304.136 226.347 1.87207
11 302.514 232.687 3.51892
0 302.514 232.687 1.87207
7 294.667 234.783 4.9765
0 294.667 234.783 2.6475
7 286.152 238.719 4.9765
0 286.152 238.719 2.6475
7 277.221 241.86 4.9765
0 277.221 241.86 2.6475
7 268.665 245.785 4.9765
0 268.665 245.785 2.6475
7 259.706 248.814 4.9765
0 259.706 248.814 2.6475
7 251.694 253.766 4.9765
0 251.694 253.766 2.6475
7 243.045 257.584 4.9765
0 243.045 257.584 2.6475
7 237.214 264.988 4.9765
0 237.214 264.988 2.6475
7 229.227 270.053 4.9765
0 229.227 270.053 2.6475
7 222.424 276.597 4.9765
0 222.424 276.597 2.6475
7 214.314 281.479 4.9765
0 214.314 281.479 2.6475
7 207.181 287.687 4.9765
0 207.181 287.687 2.6475
7 198.954 292.374 4.9765
0 198.954 292.374 2.6475
7 192.341 299.133 4.9765
0 192.341 299.133 2.6475
7 185.917 306.081 4.9765
0 185.917 306.081 2.6475
7 177.663 310.643 4.9765
0 177.663 310.643 2.6475
7 185.722 315.506 4.9765
0 185.722 315.506 2.6475
7 195.147 315.274 4.9765
0 195.147 315.274 2.6475
7 204.532 316.226 4.9765
0 204.532 316.226 2.6475
7 213.97 315.875 4.9765
0 213.97 315.875 2.6475
7 223.386 315.083 4.9765
0 223.386 315.083 2.6475
7 232.793 314.132 4.9765
0 232.793 314.132 2.6475
7 242.201 313.166 4.9765
0 242.201 313.166 2.6475
7 251.618 312.275 4.9765
0 251.618 312.275 2.6475
7 261.048 311.525 4.9765
0 261.048 311.525 2.6475
7 270.491 310.97 4.9765
0 270.491 310.97 2.6475
7 279.944 310.647 4.9765
0 279.944 310.647 2.6475
7 289.401 310.586 4.9765
