cells = zeros(1747,4);
cells = [-1 505 505 505
3 587.503 478.544 9.953
0 587.503 478.544 5.295
3 595.315 410.587 9.953
0 595.315 410.587 5.295
3 601.005 429.637 9.953
0 601.005 429.637 5.295
3 622.017 409.834 9.953
0 622.017 409.834 5.295
3 620.867 429.664 9.953
0 620.867 429.664 5.295
3 634.343 444.235 9.953
0 634.343 444.235 5.295
3 641.514 425.251 9.953
0 641.514 425.251 5.295
3 653.884 440.815 9.953
0 653.884 440.815 5.295
3 664.729 424.178 9.953
0 664.729 424.178 5.295
3 681.492 434.91 9.953
0 681.492 434.91 5.295
3 670.586 451.503 9.953
0 670.586 451.503 5.295
3 701.449 438.163 9.953
0 701.449 438.163 5.295
3 690.209 454.545 9.953
0 690.209 454.545 5.295
3 568.515 484.366 9.953
0 568.515 484.366 5.295
3 606.649 483.741 9.953
0 606.649 483.741 5.295
0 673.841 471.057 9.953
0 673.841 471.057 5.295
3 655.359 478.094 9.953
0 655.359 478.094 5.295
3 693.387 474.149 9.953
0 693.387 474.149 5.295
3 709.984 463.287 9.953
0 709.984 463.287 5.295
3 704.57 490.501 9.953
0 704.57 490.501 5.295
3 583.004 498.161 9.953
0 583.004 498.161 5.295
3 602.213 503.326 9.953
0 602.213 503.326 5.295
3 621.755 496.594 9.953
0 621.755 496.594 5.295
0 641.281 493.045 9.953
0 641.281 493.045 5.295
0 650.042 510.841 9.953
0 650.042 510.841 5.295
0 663.454 495.98 9.953
0 663.454 495.98 5.295
0 670.492 514.352 9.953
0 670.492 514.352 5.295
0 683.128 493.451 9.953
0 683.128 493.451 5.295
3 722.492 481.89 9.953
0 722.492 481.89 5.295
3 718.926 504.184 9.953
0 718.926 504.184 5.295
3 725.024 523.086 9.953
0 725.024 523.086 5.295
3 547.544 518.66 9.953
0 547.544 518.66 5.295
3 561.713 504.683 9.953
0 561.713 504.683 5.295
3 577.191 517.195 9.953
0 577.191 517.195 5.295
3 602.309 523.193 9.953
0 602.309 523.193 5.295
3 586.482 535.098 9.953
0 586.482 535.098 5.295
3 620.911 516.397 9.953
0 620.911 516.397 5.295
3 621.512 538.156 9.953
0 621.512 538.156 5.295
0 637.887 526.575 9.953
0 637.887 526.575 5.295
3 645.179 545.021 9.953
0 645.179 545.021 5.295
0 657.499 529.266 9.953
0 657.499 529.266 5.295
3 696.129 508.483 9.953
0 696.129 508.483 5.295
0 685.724 526.891 9.953
0 685.724 526.891 5.295
3 705.483 526.333 9.953
0 705.483 526.333 5.295
3 603.212 545.984 9.953
0 603.212 545.984 5.295
3 591.394 562.92 9.953
0 591.394 562.92 5.295
3 568.454 543.306 9.953
0 568.454 543.306 5.295
3 611.185 564.803 9.953
0 611.185 564.803 5.295
3 608.704 584.535 9.953
0 608.704 584.535 5.295
3 629.592 557.327 9.953
0 629.592 557.327 5.295
3 672.777 541.886 9.953
0 672.777 541.886 5.295
3 660.582 557.521 9.953
0 660.582 557.521 5.295
3 655.992 576.832 9.953
0 655.992 576.832 5.295
3 692.885 580.554 9.953
0 692.885 580.554 5.295
3 673.935 587.801 9.953
0 673.935 587.801 5.295
3 663.403 604.664 9.953
0 663.403 604.664 5.295
3 708.258 546.005 9.953
0 708.258 546.005 5.295
3 689.509 552.542 9.953
0 689.509 552.542 5.295
3 677.306 568.219 9.953
0 677.306 568.219 5.295
7 80 235 4.9765
0 80 235 2.6475
7 80 244 4.9765
0 80 244 2.6475
7 80 253 4.9765
0 80 253 2.6475
7 80 262 4.9765
0 80 262 2.6475
7 80 271 4.9765
0 80 271 2.6475
7 80 280 4.9765
0 80 280 2.6475
7 80 289 4.9765
0 80 289 2.6475
7 80 298 4.9765
0 80 298 2.6475
7 80 307 4.9765
0 80 307 2.6475
7 80 316 4.9765
0 80 316 2.6475
7 80 325 4.9765
0 80 325 2.6475
7 80 334 4.9765
0 80 334 2.6475
7 80 343 4.9765
0 80 343 2.6475
7 80 352 4.9765
0 80 352 2.6475
7 80 361 4.9765
0 80 361 2.6475
7 80 370 4.9765
0 80 370 2.6475
7 80 379 4.9765
0 80 379 2.6475
7 80 388 4.9765
0 80 388 2.6475
7 80 397 4.9765
0 80 397 2.6475
7 80 406 4.9765
0 80 406 2.6475
7 80 415 4.9765
0 80 415 2.6475
7 80 424 4.9765
0 80 424 2.6475
7 80 433 4.9765
0 80 433 2.6475
7 80 442 4.9765
0 80 442 2.6475
7 80 451 4.9765
0 80 451 2.6475
7 80 460 4.9765
0 80 460 2.6475
7 80 469 4.9765
0 80 469 2.6475
7 80 478 4.9765
0 80 478 2.6475
7 80 487 4.9765
0 80 487 2.6475
7 80 496 4.9765
0 80 496 2.6475
7 80 505 4.9765
0 80 505 2.6475
7 80 514 4.9765
0 80 514 2.6475
7 80 523 4.9765
0 80 523 2.6475
7 80 532 4.9765
0 80 532 2.6475
7 80 541 4.9765
0 80 541 2.6475
7 80 550 4.9765
0 80 550 2.6475
7 80 559 4.9765
0 80 559 2.6475
7 80 568 4.9765
0 80 568 2.6475
7 80 577 4.9765
0 80 577 2.6475
7 80 586 4.9765
0 80 586 2.6475
7 80 595 4.9765
0 80 595 2.6475
7 80 604 4.9765
0 80 604 2.6475
7 80 613 4.9765
0 80 613 2.6475
7 80 622 4.9765
0 80 622 2.6475
7 80 631 4.9765
0 80 631 2.6475
7 80 640 4.9765
0 80 640 2.6475
7 80 649 4.9765
0 80 649 2.6475
7 80 658 4.9765
0 80 658 2.6475
7 80 667 4.9765
0 80 667 2.6475
7 80 676 4.9765
0 80 676 2.6475
7 80 685 4.9765
0 80 685 2.6475
7 80 694 4.9765
0 80 694 2.6475
7 80 703 4.9765
0 80 703 2.6475
7 80 712 4.9765
0 80 712 2.6475
7 80 721 4.9765
0 80 721 2.6475
7 80 730 4.9765
0 80 730 2.6475
7 80 739 4.9765
0 80 739 2.6475
7 80 748 4.9765
0 80 748 2.6475
7 80 757 4.9765
0 80 757 2.6475
7 80 766 4.9765
0 80 766 2.6475
7 80 775 4.9765
0 80 775 2.6475
7 100 208 4.9765
0 100 208 2.6475
7 100 217 4.9765
0 100 217 2.6475
7 100 226 4.9765
0 100 226 2.6475
7 100 235 4.9765
0 100 235 2.6475
7 100 244 4.9765
0 100 244 2.6475
7 100 253 4.9765
0 100 253 2.6475
7 100 262 4.9765
0 100 262 2.6475
7 100 271 4.9765
0 100 271 2.6475
7 100 280 4.9765
0 100 280 2.6475
7 100 289 4.9765
0 100 289 2.6475
7 100 298 4.9765
0 100 298 2.6475
7 109.409 297.365 4.9765
0 109.409 297.365 2.6475
7 118.807 296.59 4.9765
0 118.807 296.59 2.6475
7 128.179 295.546 4.9765
0 128.179 295.546 2.6475
7 137.502 294.131 4.9765
0 137.502 294.131 2.6475
7 146.748 292.277 4.9765
0 146.748 292.277 2.6475
7 155.887 289.954 4.9765
0 155.887 289.954 2.6475
7 164.896 287.17 4.9765
0 164.896 287.17 2.6475
7 173.764 283.963 4.9765
0 173.764 283.963 2.6475
7 182.491 280.393 4.9765
0 182.491 280.393 2.6475
7 191.093 276.53 4.9765
0 191.093 276.53 2.6475
7 199.591 272.446 4.9765
0 199.591 272.446 2.6475
7 208.014 268.208 4.9765
0 208.014 268.208 2.6475
7 216.388 263.875 4.9765
0 216.388 263.875 2.6475
7 224.743 259.504 4.9765
0 224.743 259.504 2.6475
7 233.109 255.158 4.9765
0 233.109 255.158 2.6475
7 241.518 250.893 4.9765
0 241.518 250.893 2.6475
7 249.975 246.726 4.9765
0 249.975 246.726 2.6475
7 258.475 242.648 4.9765
0 258.475 242.648 2.6475
7 267.048 238.726 4.9765
0 267.048 238.726 2.6475
7 275.702 234.986 4.9765
0 275.702 234.986 2.6475
7 284.43 231.426 4.9765
0 284.43 231.426 2.6475
7 293.23 228.046 4.9765
0 293.23 228.046 2.6475
7 302.078 224.796 4.9765
0 302.078 224.796 2.6475
7 311.019 221.809 4.9765
0 311.019 221.809 2.6475
7 320.01 218.978 4.9765
0 320.01 218.978 2.6475
7 329.092 216.455 4.9765
0 329.092 216.455 2.6475
7 338.246 214.206 4.9765
0 338.246 214.206 2.6475
7 347.449 212.171 4.9765
0 347.449 212.171 2.6475
7 356.703 210.381 4.9765
0 356.703 210.381 2.6475
7 365.998 208.814 4.9765
0 365.998 208.814 2.6475
7 375.311 207.362 4.9765
0 375.311 207.362 2.6475
7 384.631 205.958 4.9765
0 384.631 205.958 2.6475
7 393.948 204.529 4.9765
0 393.948 204.529 2.6475
7 403.248 202.994 4.9765
0 403.248 202.994 2.6475
7 412.508 201.237 4.9765
0 412.508 201.237 2.6475
7 421.689 199.099 4.9765
0 421.689 199.099 2.6475
7 430.787 196.636 4.9765
0 430.787 196.636 2.6475
7 439.377 192.752 4.9765
0 439.377 192.752 2.6475
7 448.672 191.182 4.9765
0 448.672 191.182 2.6475
7 454.376 183.669 4.9765
0 454.376 183.669 2.6475
9 463.018 179.882 4.9765
0 463.018 179.882 2.6475
8 472.166 177.478 4.9765
0 472.166 177.478 2.6475
9 471.334 186.897 4.9765
0 471.334 186.897 2.6475
7 465.679 194.413 4.9765
0 465.679 194.413 2.6475
7 460.403 202.266 4.9765
0 460.403 202.266 2.6475
7 469.841 202.906 4.9765
0 469.841 202.906 2.6475
7 479.22 202.755 4.9765
0 479.22 202.755 2.6475
7 488.602 203.926 4.9765
0 488.602 203.926 2.6475
7 497.924 205.129 4.9765
0 497.924 205.129 2.6475
7 507.275 206.39 4.9765
0 507.275 206.39 2.6475
7 516.586 207.786 4.9765
0 516.586 207.786 2.6475
7 525.872 209.394 4.9765
0 525.872 209.394 2.6475
7 535.096 211.332 4.9765
0 535.096 211.332 2.6475
7 544.346 213.12 4.9765
0 544.346 213.12 2.6475
7 552.806 217.275 4.9765
0 552.806 217.275 2.6475
7 561.676 214.085 4.9765
0 561.676 214.085 2.6475
9 568.663 220.431 4.9765
