cells = zeros(1209,4);
cells = [-1 505 505 505
3 591.798 455.988 9.953
0 591.798 455.988 5.295
3 597.212 416.765 9.953
0 597.212 416.765 5.295
3 596.555 436.66 9.953
0 596.555 436.66 5.295
3 614.609 428.276 9.953
0 614.609 428.276 5.295
3 624.345 445.639 9.953
0 624.345 445.639 5.295
3 611.171 460.561 9.953
0 611.171 460.561 5.295
3 639.123 432.302 9.953
0 639.123 432.302 5.295
3 643.082 452.361 9.953
0 643.082 452.361 5.295
3 661.112 428.823 9.953
0 661.112 428.823 5.295
3 677.411 440.249 9.953
0 677.411 440.249 5.295
3 662.941 453.918 9.953
0 662.941 453.918 5.295
3 697.313 440.64 9.953
0 697.313 440.64 5.295
3 685.204 458.968 9.953
0 685.204 458.968 5.295
3 587.932 475.515 9.953
0 587.932 475.515 5.295
3 607.305 480.088 9.953
0 607.305 480.088 5.295
3 651.664 470.321 9.953
0 651.664 470.321 5.295
3 629.643 467.98 9.953
0 629.643 467.98 5.295
3 671.356 473.268 9.953
0 671.356 473.268 5.295
3 704.067 465.381 9.953
0 704.067 465.381 5.295
3 695.823 483.5 9.953
0 695.823 483.5 5.295
3 583.535 494.929 9.953
0 583.535 494.929 5.295
3 602.39 501.311 9.953
0 602.39 501.311 5.295
3 621.079 494.458 9.953
0 621.079 494.458 5.295
0 638.905 485.6 9.953
0 638.905 485.6 5.295
0 645.306 504.556 9.953
0 645.306 504.556 5.295
0 658.515 489.011 9.953
0 658.515 489.011 5.295
0 664.933 507.881 9.953
0 664.933 507.881 5.295
0 678.101 492.564 9.953
0 678.101 492.564 5.295
3 715.728 483.301 9.953
0 715.728 483.301 5.295
3 713.956 503.128 9.953
0 713.956 503.128 5.295
3 720.417 521.956 9.953
0 720.417 521.956 5.295
3 550.272 516.801 9.953
0 550.272 516.801 5.295
3 566.995 506.003 9.953
0 566.995 506.003 5.295
3 581.359 519.784 9.953
0 581.359 519.784 5.295
3 601.031 522.827 9.953
0 601.031 522.827 5.295
3 583.94 539.522 9.953
0 583.94 539.522 5.295
3 618.996 514.254 9.953
0 618.996 514.254 5.295
3 620.551 534.099 9.953
0 620.551 534.099 5.295
0 637.038 522.664 9.953
0 637.038 522.664 5.295
3 643.955 541.329 9.953
0 643.955 541.329 5.295
0 656.664 525.988 9.953
0 656.664 525.988 5.295
3 694.092 504.418 9.953
0 694.092 504.418 5.295
3 680.643 520.736 9.953
0 680.643 520.736 5.295
3 700.553 523.246 9.953
0 700.553 523.246 5.295
3 603.32 544.066 9.953
0 603.32 544.066 5.295
3 591.335 561.678 9.953
0 591.335 561.678 5.295
3 572.342 555.719 9.953
0 572.342 555.719 5.295
3 611.123 563.837 9.953
0 611.123 563.837 5.295
3 608.825 583.61 9.953
0 608.825 583.61 5.295
3 627.718 552.844 9.953
0 627.718 552.844 5.295
3 671.989 538.691 9.953
0 671.989 538.691 5.295
3 659.29 554.02 9.953
0 659.29 554.02 5.295
3 656.002 576.79 9.953
0 656.002 576.79 5.295
3 692.635 580.356 9.953
0 692.635 580.356 5.295
3 673.676 586.422 9.953
0 673.676 586.422 5.295
3 663.93 603.779 9.953
0 663.93 603.779 5.295
3 705.382 542.557 9.953
0 705.382 542.557 5.295
3 687.459 551.217 9.953
0 687.459 551.217 5.295
3 674.76 566.546 9.953
0 674.76 566.546 5.295
7 80 235 4.9765
0 80 235 2.6475
7 80 244 4.9765
0 80 244 2.6475
7 80 253 4.9765
0 80 253 2.6475
7 80 262 4.9765
0 80 262 2.6475
7 80 271 4.9765
0 80 271 2.6475
7 80 280 4.9765
0 80 280 2.6475
7 80 289 4.9765
0 80 289 2.6475
7 80 298 4.9765
0 80 298 2.6475
7 80 307 4.9765
0 80 307 2.6475
7 80 316 4.9765
0 80 316 2.6475
7 80 325 4.9765
0 80 325 2.6475
7 80 334 4.9765
0 80 334 2.6475
7 80 343 4.9765
0 80 343 2.6475
7 80 352 4.9765
0 80 352 2.6475
7 80 361 4.9765
0 80 361 2.6475
7 80 370 4.9765
0 80 370 2.6475
7 80 379 4.9765
0 80 379 2.6475
7 80 388 4.9765
0 80 388 2.6475
7 80 397 4.9765
0 80 397 2.6475
7 80 406 4.9765
0 80 406 2.6475
7 80 415 4.9765
0 80 415 2.6475
7 80 424 4.9765
0 80 424 2.6475
7 80 433 4.9765
0 80 433 2.6475
7 80 442 4.9765
0 80 442 2.6475
7 80 451 4.9765
0 80 451 2.6475
7 80 460 4.9765
0 80 460 2.6475
7 80 469 4.9765
0 80 469 2.6475
7 80 478 4.9765
0 80 478 2.6475
7 80 487 4.9765
0 80 487 2.6475
7 80 496 4.9765
0 80 496 2.6475
7 80 505 4.9765
0 80 505 2.6475
7 80 514 4.9765
0 80 514 2.6475
7 80 523 4.9765
0 80 523 2.6475
7 80 532 4.9765
0 80 532 2.6475
7 80 541 4.9765
0 80 541 2.6475
7 80 550 4.9765
0 80 550 2.6475
7 80 559 4.9765
0 80 559 2.6475
7 80 568 4.9765
0 80 568 2.6475
7 80 577 4.9765
0 80 577 2.6475
7 80 586 4.9765
0 80 586 2.6475
7 80 595 4.9765
0 80 595 2.6475
7 80 604 4.9765
0 80 604 2.6475
7 80 613 4.9765
0 80 613 2.6475
7 80 622 4.9765
0 80 622 2.6475
7 80 631 4.9765
0 80 631 2.6475
7 80 640 4.9765
0 80 640 2.6475
7 80 649 4.9765
0 80 649 2.6475
7 80 658 4.9765
0 80 658 2.6475
7 80 667 4.9765
0 80 667 2.6475
7 80 676 4.9765
0 80 676 2.6475
7 80 685 4.9765
0 80 685 2.6475
7 80 694 4.9765
0 80 694 2.6475
7 80 703 4.9765
0 80 703 2.6475
7 80 712 4.9765
0 80 712 2.6475
7 80 721 4.9765
0 80 721 2.6475
7 80 730 4.9765
0 80 730 2.6475
7 80 739 4.9765
0 80 739 2.6475
7 80 748 4.9765
0 80 748 2.6475
7 80 757 4.9765
0 80 757 2.6475
7 80 766 4.9765
0 80 766 2.6475
7 80 775 4.9765
0 80 775 2.6475
7 100 208 4.9765
0 100 208 2.6475
7 100 217 4.9765
0 100 217 2.6475
7 100 226 4.9765
0 100 226 2.6475
7 100 235 4.9765
0 100 235 2.6475
7 100 244 4.9765
0 100 244 2.6475
7 100 253 4.9765
0 100 253 2.6475
7 100 262 4.9765
0 100 262 2.6475
7 100 271 4.9765
0 100 271 2.6475
7 100 280 4.9765
0 100 280 2.6475
7 100 289 4.9765
0 100 289 2.6475
7 100 298 4.9765
0 100 298 2.6475
7 109.546 298.222 4.9765
0 109.546 298.222 2.6475
7 114.345 306.196 4.9765
0 114.345 306.196 2.6475
7 118.729 298.002 4.9765
0 118.729 298.002 2.6475
7 123.755 306.128 4.9765
0 123.755 306.128 2.6475
7 128.486 297.787 4.9765
0 128.486 297.787 2.6475
7 137.637 296.73 4.9765
0 137.637 296.73 2.6475
7 147.004 294.69 4.9765
0 147.004 294.69 2.6475
7 156.007 292.121 4.9765
0 156.007 292.121 2.6475
7 164.955 288.949 4.9765
0 164.955 288.949 2.6475
7 173.634 285.304 4.9765
0 173.634 285.304 2.6475
7 182.168 281.22 4.9765
0 182.168 281.22 2.6475
7 190.509 276.818 4.9765
0 190.509 276.818 2.6475
7 198.73 272.163 4.9765
0 198.73 272.163 2.6475
7 206.847 267.349 4.9765
0 206.847 267.349 2.6475
7 214.914 262.441 4.9765
0 214.914 262.441 2.6475
7 222.963 257.513 4.9765
0 222.963 257.513 2.6475
7 231.038 252.626 4.9765
0 231.038 252.626 2.6475
7 239.171 247.837 4.9765
0 239.171 247.837 2.6475
7 247.394 243.208 4.9765
0 247.394 243.208 2.6475
7 255.705 238.738 4.9765
0 255.705 238.738 2.6475
7 264.11 234.451 4.9765
0 264.11 234.451 2.6475
7 272.594 230.322 4.9765
0 272.594 230.322 2.6475
7 281.149 226.347 4.9765
0 281.149 226.347 2.6475
7 289.771 222.518 4.9765
0 289.771 222.518 2.6475
7 298.452 218.83 4.9765
0 298.452 218.83 2.6475
7 307.192 215.281 4.9765
0 307.192 215.281 2.6475
7 315.986 211.877 4.9765
0 315.986 211.877 2.6475
7 324.839 208.626 4.9765
0 324.839 208.626 2.6475
7 333.75 205.548 4.9765
0 333.75 205.548 2.6475
7 342.728 202.665 4.9765
0 342.728 202.665 2.6475
7 351.77 200.005 4.9765
0 351.77 200.005 2.6475
7 360.884 197.595 4.9765
0 360.884 197.595 2.6475
7 370.065 195.467 4.9765
0 370.065 195.467 2.6475
7 379.311 193.635 4.9765
0 379.311 193.635 2.6475
7 388.612 192.129 4.9765
0 388.612 192.129 2.6475
7 397.902 190.55 4.9765
0 397.902 190.55 2.6475
7 407.319 190.837 4.9765
0 407.319 190.837 2.6475
7 414.171 185.754 4.03647
0 414.171 185.754 2.14741
11 420.958 189.541 4.03647
0 420.958 189.541 2.14741
8 429.36 191.638 4.9765
0 429.36 191.638 2.6475
11 423.536 198.042 4.03647
0 423.536 198.042 2.14741
7 420.316 205.114 4.03647
0 420.316 205.114 2.14741
7 411.989 203.243 4.9765
0 411.989 203.243 2.6475
7 402.962 205.914 4.9765
0 402.962 205.914 2.6475
7 393.581 206.885 4.9765
0 393.581 206.885 2.6475
7 384.186 206.369 4.9765
0 384.186 206.369 2.6475
7 375.169 209.138 4.9765
0 375.169 209.138 2.6475
7 365.762 209.424 4.9765
0 365.762 209.424 2.6475
7 356.948 212.776 4.9765
0 356.948 212.776 2.6475
7 347.626 214.099 4.9765
0 347.626 214.099 2.6475
7 338.94 217.758 4.9765
0 338.94 217.758 2.6475
7 329.898 220.403 4.9765
0 329.898 220.403 2.6475
7 321.111 223.797 4.9765
0 321.111 223.797 2.6475
7 312.914 228.454 4.9765
0 312.914 228.454 2.6475
7 304.065 231.667 4.9765
0 304.065 231.667 2.6475
7 295.224 234.952 4.9765
0 295.224 234.952 2.6475
7 286.509 238.507 4.9765
