cells = zeros(915,4);
cells = [-1 505 505 505
3 591.798 455.988 9.953
0 591.798 455.988 5.295
3 597.212 416.765 9.953
0 597.212 416.765 5.295
3 596.555 436.66 9.953
0 596.555 436.66 5.295
3 614.609 428.276 9.953
0 614.609 428.276 5.295
3 624.345 445.639 9.953
0 624.345 445.639 5.295
3 611.171 460.561 9.953
0 611.171 460.561 5.295
3 639.123 432.302 9.953
0 639.123 432.302 5.295
3 643.082 452.361 9.953
0 643.082 452.361 5.295
3 661.112 428.823 9.953
0 661.112 428.823 5.295
3 677.411 440.249 9.953
0 677.411 440.249 5.295
3 662.941 453.918 9.953
0 662.941 453.918 5.295
3 697.313 440.64 9.953
0 697.313 440.64 5.295
3 685.204 458.968 9.953
0 685.204 458.968 5.295
3 587.932 475.515 9.953
0 587.932 475.515 5.295
3 607.305 480.088 9.953
0 607.305 480.088 5.295
3 651.664 470.321 9.953
0 651.664 470.321 5.295
3 629.643 467.98 9.953
0 629.643 467.98 5.295
3 671.356 473.268 9.953
0 671.356 473.268 5.295
3 704.067 465.381 9.953
0 704.067 465.381 5.295
3 695.823 483.5 9.953
0 695.823 483.5 5.295
3 583.535 494.929 9.953
0 583.535 494.929 5.295
3 602.39 501.311 9.953
0 602.39 501.311 5.295
3 621.079 494.458 9.953
0 621.079 494.458 5.295
0 638.905 485.6 9.953
0 638.905 485.6 5.295
0 645.306 504.556 9.953
0 645.306 504.556 5.295
0 658.515 489.011 9.953
0 658.515 489.011 5.295
0 664.933 507.881 9.953
0 664.933 507.881 5.295
0 678.101 492.564 9.953
0 678.101 492.564 5.295
3 715.728 483.301 9.953
0 715.728 483.301 5.295
3 713.956 503.128 9.953
0 713.956 503.128 5.295
3 720.417 521.956 9.953
0 720.417 521.956 5.295
3 550.272 516.801 9.953
0 550.272 516.801 5.295
3 566.995 506.003 9.953
0 566.995 506.003 5.295
3 581.359 519.784 9.953
0 581.359 519.784 5.295
3 601.031 522.827 9.953
0 601.031 522.827 5.295
3 583.94 539.522 9.953
0 583.94 539.522 5.295
3 618.996 514.254 9.953
0 618.996 514.254 5.295
3 620.551 534.099 9.953
0 620.551 534.099 5.295
0 637.038 522.664 9.953
0 637.038 522.664 5.295
3 643.955 541.329 9.953
0 643.955 541.329 5.295
0 656.664 525.988 9.953
0 656.664 525.988 5.295
3 694.092 504.418 9.953
0 694.092 504.418 5.295
3 680.643 520.736 9.953
0 680.643 520.736 5.295
3 700.553 523.246 9.953
0 700.553 523.246 5.295
3 603.32 544.066 9.953
0 603.32 544.066 5.295
3 591.335 561.678 9.953
0 591.335 561.678 5.295
3 572.342 555.719 9.953
0 572.342 555.719 5.295
3 611.123 563.837 9.953
0 611.123 563.837 5.295
3 608.825 583.61 9.953
0 608.825 583.61 5.295
3 627.718 552.844 9.953
0 627.718 552.844 5.295
3 671.989 538.691 9.953
0 671.989 538.691 5.295
3 659.29 554.02 9.953
0 659.29 554.02 5.295
3 656.002 576.79 9.953
0 656.002 576.79 5.295
3 692.635 580.356 9.953
0 692.635 580.356 5.295
3 673.676 586.422 9.953
0 673.676 586.422 5.295
3 663.93 603.779 9.953
0 663.93 603.779 5.295
3 705.382 542.557 9.953
0 705.382 542.557 5.295
3 687.459 551.217 9.953
0 687.459 551.217 5.295
3 674.76 566.546 9.953
0 674.76 566.546 5.295
7 80 235 4.9765
0 80 235 2.6475
7 80 244 4.9765
0 80 244 2.6475
7 80 253 4.9765
0 80 253 2.6475
7 80 262 4.9765
0 80 262 2.6475
7 80 271 4.9765
0 80 271 2.6475
7 80 280 4.9765
0 80 280 2.6475
7 80 289 4.9765
0 80 289 2.6475
7 80 298 4.9765
0 80 298 2.6475
7 80 307 4.9765
0 80 307 2.6475
7 80 316 4.9765
0 80 316 2.6475
7 80 325 4.9765
0 80 325 2.6475
7 80 334 4.9765
0 80 334 2.6475
7 80 343 4.9765
0 80 343 2.6475
7 80 352 4.9765
0 80 352 2.6475
7 80 361 4.9765
0 80 361 2.6475
7 80 370 4.9765
0 80 370 2.6475
7 80 379 4.9765
0 80 379 2.6475
7 80 388 4.9765
0 80 388 2.6475
7 80 397 4.9765
0 80 397 2.6475
7 80 406 4.9765
0 80 406 2.6475
7 80 415 4.9765
0 80 415 2.6475
7 80 424 4.9765
0 80 424 2.6475
7 80 433 4.9765
0 80 433 2.6475
7 80 442 4.9765
0 80 442 2.6475
7 80 451 4.9765
0 80 451 2.6475
7 80 460 4.9765
0 80 460 2.6475
7 80 469 4.9765
0 80 469 2.6475
7 80 478 4.9765
0 80 478 2.6475
7 80 487 4.9765
0 80 487 2.6475
7 80 496 4.9765
0 80 496 2.6475
7 80 505 4.9765
0 80 505 2.6475
7 80 514 4.9765
0 80 514 2.6475
7 80 523 4.9765
0 80 523 2.6475
7 80 532 4.9765
0 80 532 2.6475
7 80 541 4.9765
0 80 541 2.6475
7 80 550 4.9765
0 80 550 2.6475
7 80 559 4.9765
0 80 559 2.6475
7 80 568 4.9765
0 80 568 2.6475
7 80 577 4.9765
0 80 577 2.6475
7 80 586 4.9765
0 80 586 2.6475
7 80 595 4.9765
0 80 595 2.6475
7 80 604 4.9765
0 80 604 2.6475
7 80 613 4.9765
0 80 613 2.6475
7 80 622 4.9765
0 80 622 2.6475
7 80 631 4.9765
0 80 631 2.6475
7 80 640 4.9765
0 80 640 2.6475
7 80 649 4.9765
0 80 649 2.6475
7 80 658 4.9765
0 80 658 2.6475
7 80 667 4.9765
0 80 667 2.6475
7 80 676 4.9765
0 80 676 2.6475
7 80 685 4.9765
0 80 685 2.6475
7 80 694 4.9765
0 80 694 2.6475
7 80 703 4.9765
0 80 703 2.6475
7 80 712 4.9765
0 80 712 2.6475
7 80 721 4.9765
0 80 721 2.6475
7 80 730 4.9765
0 80 730 2.6475
7 80 739 4.9765
0 80 739 2.6475
7 80 748 4.9765
0 80 748 2.6475
7 80 757 4.9765
0 80 757 2.6475
7 80 766 4.9765
0 80 766 2.6475
7 80 775 4.9765
0 80 775 2.6475
7 100 208 4.9765
0 100 208 2.6475
7 100 217 4.9765
0 100 217 2.6475
7 100 226 4.9765
0 100 226 2.6475
7 100 235 4.9765
0 100 235 2.6475
7 100 244 4.9765
0 100 244 2.6475
7 100 253 4.9765
0 100 253 2.6475
7 100 262 4.9765
0 100 262 2.6475
7 100 271 4.9765
0 100 271 2.6475
7 100 280 4.9765
0 100 280 2.6475
7 100 289 4.9765
0 100 289 2.6475
7 100 298 4.9765
0 100 298 2.6475
7 108.544 301.968 4.9765
0 108.544 301.968 2.6475
7 113.294 310.104 4.9765
0 113.294 310.104 2.6475
7 117.965 301.923 4.9765
0 117.965 301.923 2.6475
7 122.715 310.059 4.9765
0 122.715 310.059 2.6475
7 132.064 311.22 4.9765
0 132.064 311.22 2.6475
7 141.101 313.883 4.9765
0 141.101 313.883 2.6475
7 150.468 314.882 4.9765
0 150.468 314.882 2.6475
7 159.414 311.928 4.9765
0 159.414 311.928 2.6475
7 168.097 315.583 4.9765
0 168.097 315.583 2.6475
7 174.631 308.796 4.9765
0 174.631 308.796 2.6475
8 329.301 189.765 4.9765
0 329.301 189.765 2.6475
9 320.942 194.179 4.9765
0 320.942 194.179 2.6475
7 312.864 199.076 4.9765
0 312.864 199.076 2.6475
7 304.2 202.822 4.9765
0 304.2 202.822 2.6475
7 296.869 208.76 4.9765
0 296.869 208.76 2.6475
7 288.356 212.814 4.9765
0 288.356 212.814 2.6475
7 282.222 219.97 4.9765
0 282.222 219.97 2.6475
7 272.926 221.512 4.9765
0 272.926 221.512 2.6475
7 270.388 230.585 4.9765
0 270.388 230.585 2.6475
7 261.63 234.055 4.9765
0 261.63 234.055 2.6475
7 253.238 238.337 4.9765
0 253.238 238.337 2.6475
7 249.223 246.86 4.9765
0 249.223 246.86 2.6475
7 240.789 251.058 4.9765
0 240.789 251.058 2.6475
7 237.236 259.784 4.9765
0 237.236 259.784 2.6475
7 229.493 265.149 4.9765
0 229.493 265.149 2.6475
7 223.228 272.186 4.9765
0 223.228 272.186 2.6475
7 219.218 280.711 4.9765
0 219.218 280.711 2.6475
7 210.384 283.982 4.9765
0 210.384 283.982 2.6475
7 209.589 293.371 4.9765
0 209.589 293.371 2.6475
7 201.708 298.522 4.9765
0 201.708 298.522 2.6475
7 195.958 305.996 4.9765
0 195.958 305.996 2.6475
7 193.194 314.986 4.9765
0 193.194 314.986 2.6475
7 202.363 312.885 4.9765
0 202.363 312.885 2.6475
7 211.812 313.017 4.9765
0 211.812 313.017 2.6475
7 221.183 313.918 4.9765
0 221.183 313.918 2.6475
7 230.627 313.855 4.9765
0 230.627 313.855 2.6475
7 240.047 313.579 4.9765
0 240.047 313.579 2.6475
7 249.482 313.232 4.9765
0 249.482 313.232 2.6475
7 258.908 312.944 4.9765
0 258.908 312.944 2.6475
7 268.346 312.8 4.9765
0 268.346 312.8 2.6475
7 277.78 312.84 4.9765
0 277.78 312.84 2.6475
7 287.216 313.088 4.9765
0 287.216 313.088 2.6475
7 296.64 313.552 4.9765
0 296.64 313.552 2.6475
7 306.055 314.231 4.9765
0 306.055 314.231 2.6475
7 315.451 315.117 4.9765
0 315.451 315.117 2.6475
7 324.83 316.196 4.9765
0 324.83 316.196 2.6475
7 334.186 317.448 4.9765
0 334.186 317.448 2.6475
7 343.524 318.842 4.9765
0 343.524 318.842 2.6475
7 352.846 320.341 4.9765
0 352.846 320.341 2.6475
7 362.157 321.91 4.9765
0 362.157 321.91 2.6475
7 371.463 323.519 4.9765
0 371.463 323.519 2.6475
7 380.764 325.152 4.9765
0 380.764 325.152 2.6475
7 390.062 326.811 4.9765
0 390.062 326.811 2.6475
7 399.353 328.513 4.9765
0 399.353 328.513 2.6475
7 408.631 330.288 4.9765
0 408.631 330.288 2.6475
7 417.89 332.167 4.9765
0 417.89 332.167 2.6475
7 427.119 334.189 4.9765
0 427.119 334.189 2.6475
