cells = zeros(1831,4);
cells = [-1 505 505 505
3 577.637 453.372 9.953
0 577.637 453.372 5.295
3 608.818 407.248 9.953
0 608.818 407.248 5.295
3 593.036 465.91 9.953
0 593.036 465.91 5.295
3 625.908 417.445 9.953
0 625.908 417.445 5.295
3 635.997 440.99 9.953
0 635.997 440.99 5.295
3 596.836 491.62 9.953
0 596.836 491.62 5.295
3 644.951 423.215 9.953
0 644.951 423.215 5.295
3 655.701 446.084 9.953
0 655.701 446.084 5.295
3 664.662 425.929 9.953
0 664.662 425.929 5.295
3 682.622 434.488 9.953
0 682.622 434.488 5.295
3 674.652 452.693 9.953
0 674.652 452.693 5.295
3 702.078 438.666 9.953
0 702.078 438.666 5.295
3 694.122 456.863 9.953
0 694.122 456.863 5.295
3 563.365 470.579 9.953
0 563.365 470.579 5.295
3 580.151 481.032 9.953
0 580.151 481.032 5.295
0 662.175 468.147 9.953
0 662.175 468.147 5.295
3 643.436 461.651 9.953
0 643.436 461.651 5.295
3 681.588 472.239 9.953
0 681.588 472.239 5.295
3 712.519 464.432 9.953
0 712.519 464.432 5.295
3 702.967 481.819 9.953
0 702.967 481.819 5.295
3 566.156 495.113 9.953
0 566.156 495.113 5.295
3 599.301 511.286 9.953
0 599.301 511.286 5.295
3 638.379 503.178 9.953
0 638.379 503.178 5.295
0 646.272 484.981 9.953
0 646.272 484.981 5.295
0 657.98 505.563 9.953
0 657.98 505.563 5.295
0 666.312 487.555 9.953
0 666.312 487.555 5.295
0 677.349 509.481 9.953
0 677.349 509.481 5.295
0 685.76 491.605 9.953
0 685.76 491.605 5.295
3 722.638 484.411 9.953
0 722.638 484.411 5.295
3 717.833 503.844 9.953
0 717.833 503.844 5.295
3 727.782 522.306 9.953
0 727.782 522.306 5.295
3 545.88 534.348 9.953
0 545.88 534.348 5.295
3 573.123 528.363 9.953
0 573.123 528.363 5.295
3 579.607 509.644 9.953
0 579.607 509.644 5.295
3 608.859 528.63 9.953
0 608.859 528.63 5.295
3 590.91 537.109 9.953
0 590.91 537.109 5.295
3 626.031 518.639 9.953
0 626.031 518.639 5.295
3 633.104 537.003 9.953
0 633.104 537.003 5.295
0 645.549 521.667 9.953
0 645.549 521.667 5.295
3 651.646 543.574 9.953
0 651.646 543.574 5.295
0 665 524.94 9.953
0 665 524.94 5.295
3 698.265 507.488 9.953
0 698.265 507.488 5.295
0 688.473 525.826 9.953
0 688.473 525.826 5.295
3 708.264 525.759 9.953
0 708.264 525.759 5.295
3 628.228 560.841 9.953
0 628.228 560.841 5.295
3 598.186 578.16 9.953
0 598.186 578.16 5.295
3 563.316 545.597 9.953
0 563.316 545.597 5.295
3 620.901 579.261 9.953
0 620.901 579.261 5.295
3 608.843 595.029 9.953
0 608.843 595.029 5.295
3 647.265 565.973 9.953
0 647.265 565.973 5.295
3 676.113 541.285 9.953
0 676.113 541.285 5.295
3 665.271 557.826 9.953
0 665.271 557.826 5.295
3 658.68 582.135 9.953
0 658.68 582.135 5.295
3 695.824 582.868 9.953
0 695.824 582.868 5.295
3 676.808 590.178 9.953
0 676.808 590.178 5.295
3 663.154 605.05 9.953
0 663.154 605.05 5.295
3 709.164 545.606 9.953
0 709.164 545.606 5.295
3 691.222 554.094 9.953
0 691.222 554.094 5.295
3 680.264 570.648 9.953
0 680.264 570.648 5.295
7 80 235 4.9765
0 80 235 2.6475
7 80 244 4.9765
0 80 244 2.6475
7 80 253 4.9765
0 80 253 2.6475
7 80 262 4.9765
0 80 262 2.6475
7 80 271 4.9765
0 80 271 2.6475
7 80 280 4.9765
0 80 280 2.6475
7 80 289 4.9765
0 80 289 2.6475
7 80 298 4.9765
0 80 298 2.6475
7 80 307 4.9765
0 80 307 2.6475
7 80 316 4.9765
0 80 316 2.6475
7 80 325 4.9765
0 80 325 2.6475
7 80 334 4.9765
0 80 334 2.6475
7 80 343 4.9765
0 80 343 2.6475
7 80 352 4.9765
0 80 352 2.6475
7 80 361 4.9765
0 80 361 2.6475
7 80 370 4.9765
0 80 370 2.6475
7 80 379 4.9765
0 80 379 2.6475
7 80 388 4.9765
0 80 388 2.6475
7 80 397 4.9765
0 80 397 2.6475
7 80 406 4.9765
0 80 406 2.6475
7 80 415 4.9765
0 80 415 2.6475
7 80 424 4.9765
0 80 424 2.6475
7 80 433 4.9765
0 80 433 2.6475
7 80 442 4.9765
0 80 442 2.6475
7 80 451 4.9765
0 80 451 2.6475
7 80 460 4.9765
0 80 460 2.6475
7 80 469 4.9765
0 80 469 2.6475
7 80 478 4.9765
0 80 478 2.6475
7 80 487 4.9765
0 80 487 2.6475
7 80 496 4.9765
0 80 496 2.6475
7 80 505 4.9765
0 80 505 2.6475
7 80 514 4.9765
0 80 514 2.6475
7 80 523 4.9765
0 80 523 2.6475
7 80 532 4.9765
0 80 532 2.6475
7 80 541 4.9765
0 80 541 2.6475
7 80 550 4.9765
0 80 550 2.6475
7 80 559 4.9765
0 80 559 2.6475
7 80 568 4.9765
0 80 568 2.6475
7 80 577 4.9765
0 80 577 2.6475
7 80 586 4.9765
0 80 586 2.6475
7 80 595 4.9765
0 80 595 2.6475
7 80 604 4.9765
0 80 604 2.6475
7 80 613 4.9765
0 80 613 2.6475
7 80 622 4.9765
0 80 622 2.6475
7 80 631 4.9765
0 80 631 2.6475
7 80 640 4.9765
0 80 640 2.6475
7 80 649 4.9765
0 80 649 2.6475
7 80 658 4.9765
0 80 658 2.6475
7 80 667 4.9765
0 80 667 2.6475
7 80 676 4.9765
0 80 676 2.6475
7 80 685 4.9765
0 80 685 2.6475
7 80 694 4.9765
0 80 694 2.6475
7 80 703 4.9765
0 80 703 2.6475
7 80 712 4.9765
0 80 712 2.6475
7 80 721 4.9765
0 80 721 2.6475
7 80 730 4.9765
0 80 730 2.6475
7 80 739 4.9765
0 80 739 2.6475
7 80 748 4.9765
0 80 748 2.6475
7 80 757 4.9765
0 80 757 2.6475
7 80 766 4.9765
0 80 766 2.6475
7 80 775 4.9765
0 80 775 2.6475
7 100 208 4.9765
0 100 208 2.6475
7 100 217 4.9765
0 100 217 2.6475
7 100 226 4.9765
0 100 226 2.6475
7 100 235 4.9765
0 100 235 2.6475
7 100 244 4.9765
0 100 244 2.6475
7 100 253 4.9765
0 100 253 2.6475
7 100 262 4.9765
0 100 262 2.6475
7 100 271 4.9765
0 100 271 2.6475
7 100 280 4.9765
0 100 280 2.6475
7 100 289 4.9765
0 100 289 2.6475
7 100 298 4.9765
0 100 298 2.6475
7 108.544 301.968 4.9765
0 108.544 301.968 2.6475
7 113.294 310.104 4.9765
0 113.294 310.104 2.6475
7 117.965 301.923 4.9765
0 117.965 301.923 2.6475
7 122.715 310.059 4.9765
0 122.715 310.059 2.6475
7 132.064 311.22 4.9765
0 132.064 311.22 2.6475
7 141.101 313.883 4.9765
0 141.101 313.883 2.6475
7 150.468 314.882 4.9765
0 150.468 314.882 2.6475
7 159.414 311.928 4.9765
0 159.414 311.928 2.6475
7 168.097 315.583 4.9765
0 168.097 315.583 2.6475
7 174.631 308.796 4.9765
0 174.631 308.796 2.6475
8 554.833 138.26 4.9765
0 554.833 138.26 2.6475
11 546.443 137.223 3.87165
0 546.443 137.223 2.05972
7 538.988 136.334 3.87165
0 538.988 136.334 2.05972
7 530.985 133.593 4.9765
0 530.985 133.593 2.6475
7 522.418 137.507 4.9765
0 522.418 137.507 2.6475
7 513.063 136.41 4.9765
0 513.063 136.41 2.6475
7 503.87 134.35 4.9765
0 503.87 134.35 2.6475
7 495.333 138.332 4.9765
0 495.333 138.332 2.6475
7 485.926 137.831 4.9765
0 485.926 137.831 2.6475
7 476.618 136.377 4.9765
0 476.618 136.377 2.6475
7 468.114 140.432 4.9765
0 468.114 140.432 2.6475
7 459.126 137.61 4.9765
0 459.126 137.61 2.6475
7 451.52 143.169 4.9765
0 451.52 143.169 2.6475
7 450.509 133.803 4.9765
0 450.509 133.803 2.6475
7 441.583 136.817 4.9765
0 441.583 136.817 2.6475
7 436.785 144.925 4.9765
0 436.785 144.925 2.6475
7 427.394 145.671 4.9765
0 427.394 145.671 2.6475
7 419.542 150.877 4.9765
0 419.542 150.877 2.6475
7 410.476 153.436 4.9765
0 410.476 153.436 2.6475
7 401.656 156.748 4.9765
0 401.656 156.748 2.6475
7 392.844 160.079 4.9765
0 392.844 160.079 2.6475
7 383.779 162.646 4.9765
0 383.779 162.646 2.6475
7 376.638 168.791 4.9765
0 376.638 168.791 2.6475
7 367.52 171.16 4.9765
0 367.52 171.16 2.6475
7 359.216 175.609 4.9765
0 359.216 175.609 2.6475
7 349.846 176.589 4.9765
0 349.846 176.589 2.6475
7 343.543 183.59 4.9765
0 343.543 183.59 2.6475
7 336.117 189.387 4.9765
0 336.117 189.387 2.6475
7 326.698 189.18 4.9765
0 326.698 189.18 2.6475
7 319.022 194.641 4.9765
0 319.022 194.641 2.6475
7 312.06 200.989 4.9765
0 312.06 200.989 2.6475
7 302.74 202.361 4.9765
0 302.74 202.361 2.6475
7 296.754 209.636 4.9765
0 296.754 209.636 2.6475
7 287.874 212.78 4.9765
0 287.874 212.78 2.6475
7 282.184 220.289 4.9765
0 282.184 220.289 2.6475
7 272.833 221.431 4.9765
0 272.833 221.431 2.6475
7 270.396 230.532 4.9765
0 270.396 230.532 2.6475
7 261.654 234.044 4.9765
0 261.654 234.044 2.6475
7 253.27 238.339 4.9765
0 253.27 238.339 2.6475
7 249.218 246.844 4.9765
0 249.218 246.844 2.6475
7 240.798 251.07 4.9765
0 240.798 251.07 2.6475
7 237.216 259.783 4.9765
0 237.216 259.783 2.6475
7 229.486 265.169 4.9765
0 229.486 265.169 2.6475
7 223.23 272.212 4.9765
0 223.23 272.212 2.6475
7 219.156 280.707 4.9765
0 219.156 280.707 2.6475
7 210.334 284.013 4.9765
0 210.334 284.013 2.6475
7 210.828 293.421 4.9765
0 210.828 293.421 2.6475
