cells = zeros(2555,4);
cells = [-1 505 505 505
3 550.447 410.63 9.953
0 550.447 410.63 5.295
3 528.618 409.187 9.953
0 528.618 409.187 5.295
3 530.693 428.919 9.953
0 530.693 428.919 5.295
3 570.269 427.837 9.953
0 570.269 427.837 5.295
3 622.429 411.843 9.953
0 622.429 411.843 5.295
3 590.266 447.196 9.953
0 590.266 447.196 5.295
3 640.464 419.938 9.953
0 640.464 419.938 5.295
3 630.083 436.805 9.953
0 630.083 436.805 5.295
3 598.709 464.921 9.953
0 598.709 464.921 5.295
3 660.147 418.082 9.953
0 660.147 418.082 5.295
3 668.438 436.087 9.953
0 668.438 436.087 5.295
3 677.257 408.099 9.953
0 677.257 408.099 5.295
3 689.821 423.492 9.953
0 689.821 423.492 5.295
3 686.989 443.167 9.953
0 686.989 443.167 5.295
3 707.702 432.186 9.953
0 707.702 432.186 5.295
3 704.831 451.9 9.953
0 704.831 451.9 5.295
3 565.706 447.102 9.953
0 565.706 447.102 5.295
0 669.717 455.878 9.953
0 669.717 455.878 5.295
3 648.693 444.69 9.953
0 648.693 444.69 5.295
3 688.274 463.004 9.953
0 688.274 463.004 5.295
3 723.817 457.775 9.953
0 723.817 457.775 5.295
3 718.512 476.926 9.953
0 718.512 476.926 5.295
3 550.636 430.355 9.953
0 550.636 430.355 5.295
3 558.906 465.667 9.953
0 558.906 465.667 5.295
3 605.774 483.265 9.953
0 605.774 483.265 5.295
3 651.173 484.212 9.953
0 651.173 484.212 5.295
0 651.726 464.344 9.953
0 651.726 464.344 5.295
0 682.166 490.657 9.953
0 682.166 490.657 5.295
0 669.121 475.708 9.953
0 669.121 475.708 5.295
0 696.457 504.406 9.953
0 696.457 504.406 5.295
0 698.846 479.836 9.953
0 698.846 479.836 5.295
3 736.7 484.952 9.953
0 736.7 484.952 5.295
3 732.769 504.388 9.953
0 732.769 504.388 5.295
3 750.168 515.847 9.953
0 750.168 515.847 5.295
3 542.392 476.402 9.953
0 542.392 476.402 5.295
3 526.125 487.518 9.953
0 526.125 487.518 5.295
3 500.833 462.328 9.953
0 500.833 462.328 5.295
3 485.581 475.093 9.953
0 485.581 475.093 5.295
3 507.592 480.831 9.953
0 507.592 480.831 5.295
3 492.754 493.797 9.953
0 492.754 493.797 5.295
3 511.243 500.91 9.953
0 511.243 500.91 5.295
0 523.297 527.815 11.6084
0 523.297 527.815 5.73968
3 477.103 505.785 9.953
0 477.103 505.785 5.295
3 466.184 481.579 9.953
0 466.184 481.579 5.295
3 458.334 499.802 9.953
0 458.334 499.802 5.295
3 480.038 525.313 9.953
0 480.038 525.313 5.295
3 464.554 538.687 9.953
0 464.554 538.687 5.295
0 519.341 545.932 5.295
0 519.341 545.932 0
3 495.832 513.391 9.953
0 495.832 513.391 5.295
3 435.988 467.635 9.953
0 435.988 467.635 5.295
3 446.556 484.139 9.953
0 446.556 484.139 5.295
3 442.532 511.828 9.953
0 442.532 511.828 5.295
3 461.264 519.226 9.953
0 461.264 519.226 5.295
3 431.82 545.189 9.953
0 431.82 545.189 5.295
3 445.756 531.347 9.953
0 445.756 531.347 5.295
3 469.185 558.343 9.953
0 469.185 558.343 5.295
1 412.168 479.442 9.953
0 412.168 479.442 5.295
3 430.71 495.95 9.953
0 430.71 495.95 5.295
3 411.207 499.119 9.953
0 411.207 499.119 5.295
3 407.561 518.48 9.953
0 407.561 518.48 5.295
3 425.93 526.246 9.953
0 425.93 526.246 5.295
3 408.395 538.163 9.953
0 408.395 538.163 5.295
3 415.798 556.482 9.953
0 415.798 556.482 5.295
3 393.855 551.487 9.953
0 393.855 551.487 5.295
2 363.037 498.703 9.953
0 363.037 498.703 5.295
1 375.859 513.778 9.953
0 375.859 513.778 5.295
1 343.385 501.924 9.953
0 343.385 501.924 5.295
1 350.25 520.403 9.953
0 350.25 520.403 5.295
1 329.666 521.709 9.953
0 329.666 521.709 5.295
1 326.284 541.346 9.953
0 326.284 541.346 5.295
1 345.929 539.59 9.953
0 345.929 539.59 5.295
5 355.116 554.84 8.12659
0 355.116 554.84 4.32335
5 348.358 569.281 8.12659
0 348.358 569.281 4.32335
3 382.017 567.169 9.953
0 382.017 567.169 5.295
3 389.512 585.339 9.953
0 389.512 585.339 5.295
3 406.585 594.921 9.953
0 406.585 594.921 5.295
3 404.33 614.492 9.953
0 404.33 614.492 5.295
3 372.082 594.121 9.953
0 372.082 594.121 5.295
3 385.766 608.147 9.953
0 385.766 608.147 5.295
3 364.664 576.102 9.953
0 364.664 576.102 5.295
1 352.283 591.751 9.953
0 352.283 591.751 5.295
1 360.56 609.8 9.953
0 360.56 609.8 5.295
3 546.532 495.77 9.953
0 546.532 495.77 5.295
3 530.141 506.887 9.953
0 530.141 506.887 5.295
0 540.481 534.823 5.295
0 540.481 534.823 0
0 535.701 552.109 5.295
0 535.701 552.109 0
0 558.284 553.822 5.295
0 558.284 553.822 0
0 501.162 536.143 9.27939
0 501.162 536.143 3.41068
3 483.476 544.741 9.953
0 483.476 544.741 5.295
3 454.602 571.585 9.953
0 454.602 571.585 5.295
3 464.204 589.067 9.953
0 464.204 589.067 5.295
3 450.272 552.285 9.953
0 450.272 552.285 5.295
3 366.743 531.289 9.953
0 366.743 531.289 5.295
3 372.267 550.193 9.953
0 372.267 550.193 5.295
3 401.406 569.751 9.953
0 401.406 569.751 5.295
3 435.711 565.582 9.953
0 435.711 565.582 5.295
3 419.645 576.937 9.953
0 419.645 576.937 5.295
3 426.2 595.469 9.953
0 426.2 595.469 5.295
3 423.968 614.949 9.953
0 423.968 614.949 5.295
3 407.838 633.833 9.953
0 407.838 633.833 5.295
3 416.979 651.241 9.953
0 416.979 651.241 5.295
3 396.954 650.958 9.953
0 396.954 650.958 5.295
1 385.842 667.996 9.953
0 385.842 667.996 5.295
3 406.799 668.106 9.953
0 406.799 668.106 5.295
3 444.485 588.435 9.953
0 444.485 588.435 5.295
0 488.129 563.634 8.81359
0 488.129 563.634 2.94488
3 483.594 585.191 9.953
0 483.594 585.191 5.295
0 504.848 553.243 5.295
0 504.848 553.243 0
0 521.577 569.795 5.295
0 521.577 569.795 0
0 505.563 579.043 11.6084
0 505.563 579.043 5.73968
3 513.785 600.253 9.953
0 513.785 600.253 5.295
0 567.21 570.716 5.295
0 567.21 570.716 0
0 555.138 583.003 10.6768
0 555.138 583.003 4.80808
0 541.955 568.338 5.295
0 541.955 568.338 0
0 531.489 585.53 13.4764
0 531.489 585.53 7.16946
0 596.558 503.06 12.1899
0 596.558 503.06 6.48502
0 587.67 521.76 5.295
0 587.67 521.76 0
0 610.47 513.342 5.295
0 610.47 513.342 0
3 578.409 462.72 9.953
0 578.409 462.72 5.295
0 613.402 549.976 5.295
0 613.402 549.976 0
0 603.352 529.434 5.295
0 603.352 529.434 0
0 580.846 537.894 5.295
0 580.846 537.894 0
0 593.719 542.333 5.295
0 593.719 542.333 0
0 652.989 516.454 9.953
0 652.989 516.454 5.295
0 678.916 513.709 9.953
0 678.916 513.709 5.295
0 664.588 499.932 9.953
0 664.588 499.932 5.295
0 687.988 542.354 9.953
0 687.988 542.354 5.295
0 695.78 524.199 9.953
0 695.78 524.199 5.295
3 714.601 496.397 9.953
0 714.601 496.397 5.295
0 713.949 516.27 9.953
0 713.949 516.27 5.295
3 732.159 524.169 9.953
0 732.159 524.169 5.295
3 689.936 573.47 9.953
0 689.936 573.47 5.295
3 566.202 603.095 9.953
0 566.202 603.095 5.295
3 549.559 613.814 9.953
0 549.559 613.814 5.295
3 532.145 623.006 9.953
0 532.145 623.006 5.295
3 496.181 639.622 9.953
0 496.181 639.622 5.295
3 515.86 671.306 9.953
0 515.86 671.306 5.295
3 503.1 686.136 9.953
0 503.1 686.136 5.295
3 483.851 689.83 9.953
0 483.851 689.83 5.295
3 511.448 652.165 9.953
0 511.448 652.165 5.295
3 466.52 665.79 9.953
0 466.52 665.79 5.295
3 481.79 653.213 9.953
0 481.79 653.213 5.295
3 490.251 671.073 9.953
0 490.251 671.073 5.295
3 446.861 677.022 9.953
0 446.861 677.022 5.295
3 464.699 685.45 9.953
0 464.699 685.45 5.295
3 448.479 696.632 9.953
0 448.479 696.632 5.295
3 430.359 704.437 9.953
0 430.359 704.437 5.295
3 446.336 716.197 9.953
0 446.336 716.197 5.295
1 389.962 703.409 9.953
0 389.962 703.409 5.295
1 407.667 723.367 9.953
0 407.667 723.367 5.295
1 427.38 723.923 9.953
0 427.38 723.923 5.295
3 458.336 627.334 9.953
0 458.336 627.334 5.295
3 460.24 647.036 9.953
0 460.24 647.036 5.295
3 426.884 668.28 9.953
0 426.884 668.28 5.295
3 420.976 687.065 9.953
0 420.976 687.065 5.295
1 410.549 703.841 9.953
0 410.549 703.841 5.295
3 400.552 686.772 9.953
0 400.552 686.772 5.295
3 476.94 634.061 9.953
0 476.94 634.061 5.295
3 441.988 638.169 9.953
0 441.988 638.169 5.295
3 443.534 657.692 9.953
0 443.534 657.692 5.295
3 601.343 605.12 9.953
0 601.343 605.12 5.295
3 640.303 613.251 9.953
0 640.303 613.251 5.295
3 584.443 614.787 9.953
0 584.443 614.787 5.295
3 566.746 622.981 9.953
0 566.746 622.981 5.295
3 515.065 632.831 9.953
0 515.065 632.831 5.295
3 547.883 634.911 9.953
0 547.883 634.911 5.295
3 531.412 646.177 9.953
0 531.412 646.177 5.295
0 550.207 519.284 8.81359
