cells = zeros(1319,4);
cells = [-1 505 505 505
3 591.797 455.988 9.953
0 591.797 455.988 5.295
3 599.024 416.137 9.953
0 599.024 416.137 5.295
3 596.555 436.66 9.953
0 596.555 436.66 5.295
3 614.726 428.319 9.953
0 614.726 428.319 5.295
3 624.372 445.699 9.953
0 624.372 445.699 5.295
3 611.163 460.569 9.953
0 611.163 460.569 5.295
3 639.123 432.302 9.953
0 639.123 432.302 5.295
3 643.105 452.366 9.953
0 643.105 452.366 5.295
3 661.112 428.823 9.953
0 661.112 428.823 5.295
3 677.411 440.249 9.953
0 677.411 440.249 5.295
3 662.942 453.918 9.953
0 662.942 453.918 5.295
3 697.313 440.64 9.953
0 697.313 440.64 5.295
3 685.204 458.968 9.953
0 685.204 458.968 5.295
3 587.932 475.515 9.953
0 587.932 475.515 5.295
3 607.305 480.089 9.953
0 607.305 480.089 5.295
0 651.666 470.325 9.953
0 651.666 470.325 5.295
3 629.643 467.98 9.953
0 629.643 467.98 5.295
3 671.356 473.268 9.953
0 671.356 473.268 5.295
3 704.067 465.381 9.953
0 704.067 465.381 5.295
3 695.823 483.5 9.953
0 695.823 483.5 5.295
3 583.535 494.929 9.953
0 583.535 494.929 5.295
3 602.39 501.311 9.953
0 602.39 501.311 5.295
3 621.079 494.458 9.953
0 621.079 494.458 5.295
0 638.904 485.6 9.953
0 638.904 485.6 5.295
0 645.306 504.556 9.953
0 645.306 504.556 5.295
0 658.515 489.011 9.953
0 658.515 489.011 5.295
0 664.933 507.881 9.953
0 664.933 507.881 5.295
0 678.101 492.564 9.953
0 678.101 492.564 5.295
3 715.728 483.301 9.953
0 715.728 483.301 5.295
3 713.956 503.128 9.953
0 713.956 503.128 5.295
3 720.417 521.956 9.953
0 720.417 521.956 5.295
3 550.272 516.801 9.953
0 550.272 516.801 5.295
3 566.994 506.003 9.953
0 566.994 506.003 5.295
3 581.359 519.784 9.953
0 581.359 519.784 5.295
3 601.031 522.827 9.953
0 601.031 522.827 5.295
3 583.939 539.522 9.953
0 583.939 539.522 5.295
3 618.996 514.255 9.953
0 618.996 514.255 5.295
3 620.551 534.1 9.953
0 620.551 534.1 5.295
0 637.038 522.664 9.953
0 637.038 522.664 5.295
3 643.955 541.329 9.953
0 643.955 541.329 5.295
0 656.664 525.988 9.953
0 656.664 525.988 5.295
3 694.092 504.418 9.953
0 694.092 504.418 5.295
0 680.643 520.736 9.953
0 680.643 520.736 5.295
3 700.553 523.246 9.953
0 700.553 523.246 5.295
3 603.32 544.066 9.953
0 603.32 544.066 5.295
3 591.335 561.678 9.953
0 591.335 561.678 5.295
3 572.342 555.719 9.953
0 572.342 555.719 5.295
3 611.123 563.837 9.953
0 611.123 563.837 5.295
3 608.825 583.61 9.953
0 608.825 583.61 5.295
3 627.718 552.844 9.953
0 627.718 552.844 5.295
3 671.989 538.691 9.953
0 671.989 538.691 5.295
3 659.29 554.02 9.953
0 659.29 554.02 5.295
3 656.002 576.79 9.953
0 656.002 576.79 5.295
3 692.635 580.356 9.953
0 692.635 580.356 5.295
3 673.676 586.423 9.953
0 673.676 586.423 5.295
3 663.93 603.779 9.953
0 663.93 603.779 5.295
3 705.383 542.557 9.953
0 705.383 542.557 5.295
3 687.46 551.218 9.953
0 687.46 551.218 5.295
3 674.761 566.546 9.953
0 674.761 566.546 5.295
7 80 235 4.9765
0 80 235 2.6475
7 80 244 4.9765
0 80 244 2.6475
7 80 253 4.9765
0 80 253 2.6475
7 80 262 4.9765
0 80 262 2.6475
7 80 271 4.9765
0 80 271 2.6475
7 80 280 4.9765
0 80 280 2.6475
7 80 289 4.9765
0 80 289 2.6475
7 80 298 4.9765
0 80 298 2.6475
7 80 307 4.9765
0 80 307 2.6475
7 80 316 4.9765
0 80 316 2.6475
7 80 325 4.9765
0 80 325 2.6475
7 80 334 4.9765
0 80 334 2.6475
7 80 343 4.9765
0 80 343 2.6475
7 80 352 4.9765
0 80 352 2.6475
7 80 361 4.9765
0 80 361 2.6475
7 80 370 4.9765
0 80 370 2.6475
7 80 379 4.9765
0 80 379 2.6475
7 80 388 4.9765
0 80 388 2.6475
7 80 397 4.9765
0 80 397 2.6475
7 80 406 4.9765
0 80 406 2.6475
7 80 415 4.9765
0 80 415 2.6475
7 80 424 4.9765
0 80 424 2.6475
7 80 433 4.9765
0 80 433 2.6475
7 80 442 4.9765
0 80 442 2.6475
7 80 451 4.9765
0 80 451 2.6475
7 80 460 4.9765
0 80 460 2.6475
7 80 469 4.9765
0 80 469 2.6475
7 80 478 4.9765
0 80 478 2.6475
7 80 487 4.9765
0 80 487 2.6475
7 80 496 4.9765
0 80 496 2.6475
7 80 505 4.9765
0 80 505 2.6475
7 80 514 4.9765
0 80 514 2.6475
7 80 523 4.9765
0 80 523 2.6475
7 80 532 4.9765
0 80 532 2.6475
7 80 541 4.9765
0 80 541 2.6475
7 80 550 4.9765
0 80 550 2.6475
7 80 559 4.9765
0 80 559 2.6475
7 80 568 4.9765
0 80 568 2.6475
7 80 577 4.9765
0 80 577 2.6475
7 80 586 4.9765
0 80 586 2.6475
7 80 595 4.9765
0 80 595 2.6475
7 80 604 4.9765
0 80 604 2.6475
7 80 613 4.9765
0 80 613 2.6475
7 80 622 4.9765
0 80 622 2.6475
7 80 631 4.9765
0 80 631 2.6475
7 80 640 4.9765
0 80 640 2.6475
7 80 649 4.9765
0 80 649 2.6475
7 80 658 4.9765
0 80 658 2.6475
7 80 667 4.9765
0 80 667 2.6475
7 80 676 4.9765
0 80 676 2.6475
7 80 685 4.9765
0 80 685 2.6475
7 80 694 4.9765
0 80 694 2.6475
7 80 703 4.9765
0 80 703 2.6475
7 80 712 4.9765
0 80 712 2.6475
7 80 721 4.9765
0 80 721 2.6475
7 80 730 4.9765
0 80 730 2.6475
7 80 739 4.9765
0 80 739 2.6475
7 80 748 4.9765
0 80 748 2.6475
7 80 757 4.9765
0 80 757 2.6475
7 80 766 4.9765
0 80 766 2.6475
7 80 775 4.9765
0 80 775 2.6475
7 100 208 4.9765
0 100 208 2.6475
7 100 217 4.9765
0 100 217 2.6475
7 100 226 4.9765
0 100 226 2.6475
7 100 235 4.9765
0 100 235 2.6475
7 100 244 4.9765
0 100 244 2.6475
7 100 253 4.9765
0 100 253 2.6475
7 100 262 4.9765
0 100 262 2.6475
7 100 271 4.9765
0 100 271 2.6475
7 100 280 4.9765
0 100 280 2.6475
7 100 289 4.9765
0 100 289 2.6475
7 100 298 4.9765
0 100 298 2.6475
7 108.544 301.968 4.9765
0 108.544 301.968 2.6475
7 113.294 310.104 4.9765
0 113.294 310.104 2.6475
7 117.965 301.923 4.9765
0 117.965 301.923 2.6475
7 122.715 310.059 4.9765
0 122.715 310.059 2.6475
7 132.064 311.22 4.9765
0 132.064 311.22 2.6475
7 141.101 313.883 4.9765
0 141.101 313.883 2.6475
7 150.468 314.882 4.9765
0 150.468 314.882 2.6475
7 159.414 311.928 4.9765
0 159.414 311.928 2.6475
7 168.097 315.583 4.9765
0 168.097 315.583 2.6475
7 174.631 308.796 4.9765
0 174.631 308.796 2.6475
8 435.92 145.506 4.9765
0 435.92 145.506 2.6475
9 426.938 148.411 4.9765
0 426.938 148.411 2.6475
7 417.981 151.385 4.9765
0 417.981 151.385 2.6475
7 408.957 154.136 4.9765
0 408.957 154.136 2.6475
7 399.929 156.859 4.9765
0 399.929 156.859 2.6475
7 391.593 161.262 4.9765
0 391.593 161.262 2.6475
7 382.209 162.129 4.9765
0 382.209 162.129 2.6475
7 376.45 169.586 4.9765
0 376.45 169.586 2.6475
7 367.153 171.113 4.9765
0 367.153 171.113 2.6475
7 359.046 175.914 4.9765
0 359.046 175.914 2.6475
7 349.644 176.51 4.9765
0 349.644 176.51 2.6475
7 343.411 183.574 4.9765
0 343.411 183.574 2.6475
7 336.111 189.53 4.9765
0 336.111 189.53 2.6475
7 326.696 189.21 4.9765
0 326.696 189.21 2.6475
7 318.949 194.571 4.9765
0 318.949 194.571 2.6475
7 312.076 201.014 4.9765
0 312.076 201.014 2.6475
7 302.752 202.36 4.9765
0 302.752 202.36 2.6475
7 296.753 209.624 4.9765
0 296.753 209.624 2.6475
7 287.879 212.787 4.9765
0 287.879 212.787 2.6475
7 282.171 220.282 4.9765
0 282.171 220.282 2.6475
7 272.821 221.436 4.9765
0 272.821 221.436 2.6475
7 270.397 230.54 4.9765
0 270.397 230.54 2.6475
7 261.652 234.045 4.9765
0 261.652 234.045 2.6475
7 253.266 238.338 4.9765
0 253.266 238.338 2.6475
7 249.22 246.846 4.9765
0 249.22 246.846 2.6475
7 240.796 251.064 4.9765
0 240.796 251.064 2.6475
7 237.226 259.782 4.9765
0 237.226 259.782 2.6475
7 229.49 265.159 4.9765
0 229.49 265.159 2.6475
7 223.229 272.199 4.9765
0 223.229 272.199 2.6475
7 219.193 280.711 4.9765
0 219.193 280.711 2.6475
7 210.331 283.909 4.9765
0 210.331 283.909 2.6475
7 210.546 293.328 4.9765
0 210.546 293.328 2.6475
7 202.307 297.896 4.9765
0 202.307 297.896 2.6475
7 200.801 307.196 4.9765
0 200.801 307.196 2.6475
7 200.525 316.609 4.9765
0 200.525 316.609 2.6475
7 208.824 312.142 4.9765
0 208.824 312.142 2.6475
7 217.286 312.736 4.9765
0 217.286 312.736 2.6475
7 228.167 313.138 4.9765
0 228.167 313.138 2.6475
7 236.654 313.278 4.9765
0 236.654 313.278 2.6475
7 246.439 313.372 4.9765
0 246.439 313.372 2.6475
7 255.541 313.451 4.9765
0 255.541 313.451 2.6475
7 265.455 313.581 4.9765
0 265.455 313.581 2.6475
7 274.942 313.768 4.9765
0 274.942 313.768 2.6475
7 284.227 313.989 4.9765
0 284.227 313.989 2.6475
7 293.718 314.211 4.9765
0 293.718 314.211 2.6475
7 303.241 314.338 4.9765
0 303.241 314.338 2.6475
7 312.707 314.26 4.9765
0 312.707 314.26 2.6475
