cells = zeros(653,4);
cells = [-1 505 505 505
3 591.798 455.989 9.953
0 591.798 455.989 5.295
3 597.212 416.765 9.953
0 597.212 416.765 5.295
3 596.555 436.66 9.953
0 596.555 436.66 5.295
3 614.609 428.276 9.953
0 614.609 428.276 5.295
3 624.345 445.639 9.953
0 624.345 445.639 5.295
3 611.171 460.561 9.953
0 611.171 460.561 5.295
3 639.122 432.302 9.953
0 639.122 432.302 5.295
3 643.082 452.361 9.953
0 643.082 452.361 5.295
3 661.112 428.823 9.953
0 661.112 428.823 5.295
3 677.411 440.249 9.953
0 677.411 440.249 5.295
3 662.941 453.918 9.953
0 662.941 453.918 5.295
3 697.313 440.64 9.953
0 697.313 440.64 5.295
3 685.204 458.968 9.953
0 685.204 458.968 5.295
3 587.932 475.515 9.953
0 587.932 475.515 5.295
3 607.306 480.088 9.953
0 607.306 480.088 5.295
3 651.664 470.321 9.953
0 651.664 470.321 5.295
3 629.643 467.98 9.953
0 629.643 467.98 5.295
3 671.356 473.268 9.953
0 671.356 473.268 5.295
3 704.067 465.382 9.953
0 704.067 465.382 5.295
3 695.823 483.5 9.953
0 695.823 483.5 5.295
3 583.536 494.929 9.953
0 583.536 494.929 5.295
3 602.391 501.31 9.953
0 602.391 501.31 5.295
3 621.079 494.458 9.953
0 621.079 494.458 5.295
0 638.905 485.6 9.953
0 638.905 485.6 5.295
0 645.306 504.557 9.953
0 645.306 504.557 5.295
0 658.515 489.011 9.953
0 658.515 489.011 5.295
0 664.933 507.881 9.953
0 664.933 507.881 5.295
3 678.101 492.564 9.953
0 678.101 492.564 5.295
3 715.727 483.301 9.953
0 715.727 483.301 5.295
3 713.956 503.128 9.953
0 713.956 503.128 5.295
3 720.417 521.956 9.953
0 720.417 521.956 5.295
3 550.272 516.801 9.953
0 550.272 516.801 5.295
3 566.995 506.003 9.953
0 566.995 506.003 5.295
3 581.359 519.784 9.953
0 581.359 519.784 5.295
3 601.031 522.827 9.953
0 601.031 522.827 5.295
3 583.94 539.522 9.953
0 583.94 539.522 5.295
3 618.996 514.254 9.953
0 618.996 514.254 5.295
3 620.551 534.099 9.953
0 620.551 534.099 5.295
0 637.038 522.664 9.953
0 637.038 522.664 5.295
3 643.955 541.329 9.953
0 643.955 541.329 5.295
0 656.664 525.988 9.953
0 656.664 525.988 5.295
3 694.092 504.418 9.953
0 694.092 504.418 5.295
3 680.643 520.736 9.953
0 680.643 520.736 5.295
3 700.552 523.246 9.953
0 700.552 523.246 5.295
3 603.32 544.066 9.953
0 603.32 544.066 5.295
3 591.335 561.678 9.953
0 591.335 561.678 5.295
3 572.342 555.719 9.953
0 572.342 555.719 5.295
3 611.123 563.837 9.953
0 611.123 563.837 5.295
3 608.825 583.609 9.953
0 608.825 583.609 5.295
3 627.718 552.844 9.953
0 627.718 552.844 5.295
3 671.989 538.691 9.953
0 671.989 538.691 5.295
3 659.29 554.02 9.953
0 659.29 554.02 5.295
3 656.002 576.79 9.953
0 656.002 576.79 5.295
3 692.635 580.356 9.953
0 692.635 580.356 5.295
3 673.676 586.422 9.953
0 673.676 586.422 5.295
3 663.93 603.779 9.953
0 663.93 603.779 5.295
3 705.382 542.557 9.953
0 705.382 542.557 5.295
3 687.459 551.217 9.953
0 687.459 551.217 5.295
3 674.76 566.546 9.953
0 674.76 566.546 5.295
7 80 235 4.9765
0 80 235 2.6475
7 80 244 4.9765
0 80 244 2.6475
7 80 253 4.9765
0 80 253 2.6475
7 80 262 4.9765
0 80 262 2.6475
7 80 271 4.9765
0 80 271 2.6475
7 80 280 4.9765
0 80 280 2.6475
7 80 289 4.9765
0 80 289 2.6475
7 80 298 4.9765
0 80 298 2.6475
7 80 307 4.9765
0 80 307 2.6475
7 80 316 4.9765
0 80 316 2.6475
7 80 325 4.9765
0 80 325 2.6475
7 80 334 4.9765
0 80 334 2.6475
7 80 343 4.9765
0 80 343 2.6475
7 80 352 4.9765
0 80 352 2.6475
7 80 361 4.9765
0 80 361 2.6475
7 80 370 4.9765
0 80 370 2.6475
7 80 379 4.9765
0 80 379 2.6475
7 80 388 4.9765
0 80 388 2.6475
7 80 397 4.9765
0 80 397 2.6475
7 80 406 4.9765
0 80 406 2.6475
7 80 415 4.9765
0 80 415 2.6475
7 80 424 4.9765
0 80 424 2.6475
7 80 433 4.9765
0 80 433 2.6475
7 80 442 4.9765
0 80 442 2.6475
7 80 451 4.9765
0 80 451 2.6475
7 80 460 4.9765
0 80 460 2.6475
7 80 469 4.9765
0 80 469 2.6475
7 80 478 4.9765
0 80 478 2.6475
7 80 487 4.9765
0 80 487 2.6475
7 80 496 4.9765
0 80 496 2.6475
7 80 505 4.9765
0 80 505 2.6475
7 80 514 4.9765
0 80 514 2.6475
7 80 523 4.9765
0 80 523 2.6475
7 80 532 4.9765
0 80 532 2.6475
7 80 541 4.9765
0 80 541 2.6475
7 80 550 4.9765
0 80 550 2.6475
7 80 559 4.9765
0 80 559 2.6475
7 80 568 4.9765
0 80 568 2.6475
7 80 577 4.9765
0 80 577 2.6475
7 80 586 4.9765
0 80 586 2.6475
7 80 595 4.9765
0 80 595 2.6475
7 80 604 4.9765
0 80 604 2.6475
7 80 613 4.9765
0 80 613 2.6475
7 80 622 4.9765
0 80 622 2.6475
7 80 631 4.9765
0 80 631 2.6475
7 80 640 4.9765
0 80 640 2.6475
7 80 649 4.9765
0 80 649 2.6475
7 80 658 4.9765
0 80 658 2.6475
7 80 667 4.9765
0 80 667 2.6475
7 80 676 4.9765
0 80 676 2.6475
7 80 685 4.9765
0 80 685 2.6475
7 80 694 4.9765
0 80 694 2.6475
7 80 703 4.9765
0 80 703 2.6475
7 80 712 4.9765
0 80 712 2.6475
7 80 721 4.9765
0 80 721 2.6475
7 80 730 4.9765
0 80 730 2.6475
7 80 739 4.9765
0 80 739 2.6475
7 80 748 4.9765
0 80 748 2.6475
7 80 757 4.9765
0 80 757 2.6475
7 80 766 4.9765
0 80 766 2.6475
7 80 775 4.9765
0 80 775 2.6475
7 100 208 4.9765
0 100 208 2.6475
7 100 217 4.9765
0 100 217 2.6475
7 100 226 4.9765
0 100 226 2.6475
7 100 235 4.9765
0 100 235 2.6475
7 100 244 4.9765
0 100 244 2.6475
7 100 253 4.9765
0 100 253 2.6475
7 100 262 4.9765
0 100 262 2.6475
7 100 271 4.9765
0 100 271 2.6475
7 100 280 4.9765
0 100 280 2.6475
7 100 289 4.9765
0 100 289 2.6475
7 100 298 4.9765
0 100 298 2.6475
7 108.471 302.123 4.9765
0 108.471 302.123 2.6475
7 113.396 310.154 4.9765
0 113.396 310.154 2.6475
7 117.889 301.874 4.9765
0 117.889 301.874 2.6475
7 122.813 309.905 4.9765
0 122.813 309.905 2.6475
7 132.082 311.592 4.9765
0 132.082 311.592 2.6475
7 141.241 313.801 4.9765
0 141.241 313.801 2.6475
7 150.592 314.945 4.9765
0 150.592 314.945 2.6475
7 159.556 312.046 4.9765
0 159.556 312.046 2.6475
7 168.279 315.605 4.9765
0 168.279 315.605 2.6475
7 174.722 308.731 4.9765
0 174.722 308.731 2.6475
8 236.91 258.055 4.9765
0 236.91 258.055 2.6475
9 230.615 265.088 4.9765
0 230.615 265.088 2.6475
7 223.762 271.57 4.9765
0 223.762 271.57 2.6475
7 219.529 279.994 4.9765
0 219.529 279.994 2.6475
7 210.954 283.901 4.9765
0 210.954 283.901 2.6475
7 208.274 292.935 4.9765
0 208.274 292.935 2.6475
7 200.298 297.945 4.9765
0 200.298 297.945 2.6475
7 195.001 305.74 4.9765
0 195.001 305.74 2.6475
7 189.576 313.437 4.9765
0 189.576 313.437 2.6475
7 198.956 314.286 4.9765
0 198.956 314.286 2.6475
7 208.384 314.173 4.9765
0 208.384 314.173 2.6475
7 217.764 315.061 4.9765
0 217.764 315.061 2.6475
7 227.178 314.511 4.9765
0 227.178 314.511 2.6475
7 236.583 313.872 4.9765
0 236.583 313.872 2.6475
7 245.99 313.208 4.9765
0 245.99 313.208 2.6475
7 255.404 312.656 4.9765
0 255.404 312.656 2.6475
7 264.827 312.232 4.9765
0 264.827 312.232 2.6475
7 274.256 311.961 4.9765
0 274.256 311.961 2.6475
7 283.69 311.905 4.9765
0 283.69 311.905 2.6475
7 293.12 312.177 4.9765
0 293.12 312.177 2.6475
7 302.53 312.855 4.9765
0 302.53 312.855 2.6475
7 311.914 313.841 4.9765
0 311.914 313.841 2.6475
7 321.29 314.892 4.9765
0 321.29 314.892 2.6475
7 330.626 316.265 4.9765
0 330.626 316.265 2.6475
7 340.023 315.397 4.9765
0 340.023 315.397 2.6475
9 348.467 319.619 4.9765
0 348.467 319.619 2.6475
8 355.817 325.564 4.9765
0 355.817 325.564 2.6475
9 347.732 330.466 4.9765
0 347.732 330.466 2.6475
7 338.609 332.908 4.9765
0 338.609 332.908 2.6475
7 329.55 330.247 4.9765
0 329.55 330.247 2.6475
7 320.134 329.556 4.9765
0 320.134 329.556 2.6475
7 310.77 328.339 4.9765
0 310.77 328.339 2.6475
7 301.403 327.14 4.9765
0 301.403 327.14 2.6475
7 292.001 326.238 4.9765
0 292.001 326.238 2.6475
7 282.557 326.009 4.9765
0 282.557 326.009 2.6475
7 273.111 326.214 4.9765
0 273.111 326.214 2.6475
7 263.669 326.575 4.9765
0 263.669 326.575 2.6475
7 254.231 327.06 4.9765
0 254.231 327.06 2.6475
7 244.807 327.789 4.9765
0 244.807 327.789 2.6475
7 235.402 328.732 4.9765
0 235.402 328.732 2.6475
7 226.007 329.78 4.9765
0 226.007 329.78 2.6475
7 216.611 330.812 4.9765
0 216.611 330.812 2.6475
7 207.205 331.768 4.9765
0 207.205 331.768 2.6475
7 197.787 332.593 4.9765
0 197.787 332.593 2.6475
7 188.358 333.269 4.9765
0 188.358 333.269 2.6475
7 178.92 333.804 4.9765
0 178.92 333.804 2.6475
7 169.477 334.228 4.9765
0 169.477 334.228 2.6475
